gene_name,expr_delta_12h,expr_delta_18h,expr_delta_24h,acc_delta_12h_tss,acc_delta_18h_tss,acc_delta_24h_tss,expr_dir,acc_tss_dir,expr_acc_tss_agreement,expr_acc_direction_pairs,expr_acc_agreement_verbose,expr_acc_direction_pairs_str,increase,decrease,neutral,expr_only_up,expr_only_down,acc_only_up,acc_only_down,expr_up_acc_down,expr_down_acc_up,agreement_class,expression_pattern,accessibility_pattern,combined_pattern,combined_label
POLR3K,-0.394886036164587,-0.763238748289188,-1.44549361583503,-19.68630000000001,41.24872,-44.1767,"['down', 'down', 'down']","['down', 'up', 'down']","['decrease', 'expr_down_acc_up', 'decrease']","[['down', 'down'], ['down', 'up'], ['down', 'down']]","['down/down , decrease', 'down/up , expr_down_acc_up', 'down/down , decrease']","['down/down', 'down/up', 'down/down']",0,2,0,0,0,0,0,0,1,mixed,gradual down,late down,gradual down & late down,gradual down & late down | mixed
LUC7L,0.665375228440692,0.565364108833643,1.09450098415612,-1.727119999999999,-2.710420000000001,-4.61543,"['up', 'up', 'up']","['down', 'down', 'down']","['expr_up_acc_down', 'expr_up_acc_down', 'expr_up_acc_down']","[['up', 'down'], ['up', 'down'], ['up', 'down']]","['up/down , expr_up_acc_down', 'up/down , expr_up_acc_down', 'up/down , expr_up_acc_down']","['up/down', 'up/down', 'up/down']",0,0,0,0,0,0,0,3,0,conflict,late up,gradual down,late up & gradual down,late up & gradual down | conflict
ITFG3,-0.615713105909716,-1.4396346778267,-1.41986897028304,-0.0837000000000003,-8.1451,-11.65182,"['down', 'down', 'down']","['flat', 'down', 'down']","['expr_only_down', 'decrease', 'decrease']","[['down', 'flat'], ['down', 'down'], ['down', 'down']]","['down/flat , expr_only_down', 'down/down , decrease', 'down/down , decrease']","['down/flat', 'down/down', 'down/down']",0,2,0,0,1,0,0,0,0,mixed,late up,gradual down,late up & gradual down,late up & gradual down | mixed
RGS11,1.97230663808655,1.68304260556329,3.24902506012357,-0.7671000000000001,0.3674300000000006,-1.40557,"['up', 'up', 'up']","['down', 'up', 'down']","['expr_up_acc_down', 'increase', 'expr_up_acc_down']","[['up', 'down'], ['up', 'up'], ['up', 'down']]","['up/down , expr_up_acc_down', 'up/up , increase', 'up/down , expr_up_acc_down']","['up/down', 'up/up', 'up/down']",1,0,0,0,0,0,0,2,0,conflict,late up,late down,late up & late down,late up & late down | conflict
ARHGDIG,0.52449489995544,0.519881037064124,1.43283290382829,1.7363799999999996,0.3075699999999992,-0.5985899999999997,"['up', 'up', 'up']","['up', 'up', 'down']","['increase', 'increase', 'expr_up_acc_down']","[['up', 'up'], ['up', 'up'], ['up', 'down']]","['up/up , increase', 'up/up , increase', 'up/down , expr_up_acc_down']","['up/up', 'up/up', 'up/down']",2,0,0,0,0,0,0,1,0,mixed,flat,gradual down,flat & gradual down,flat & gradual down | mixed
PDIA2,2.56006543660424,3.04385158175882,2.58793030102994,1.54344,1.81795,0.0361500000000001,"['up', 'up', 'up']","['up', 'up', 'flat']","['increase', 'increase', 'expr_only_up']","[['up', 'up'], ['up', 'up'], ['up', 'flat']]","['up/up , increase', 'up/up , increase', 'up/flat , expr_only_up']","['up/up', 'up/up', 'up/flat']",2,0,0,1,0,0,0,0,0,mixed,late down,late down,late down & late down,late down & late down | mixed
AXIN1,0.359229387794021,1.14266541359904,1.08856699279823,-0.9600300000000002,3.69302,-1.25141,"['up', 'up', 'up']","['down', 'up', 'down']","['expr_up_acc_down', 'increase', 'expr_up_acc_down']","[['up', 'down'], ['up', 'up'], ['up', 'down']]","['up/down , expr_up_acc_down', 'up/up , increase', 'up/down , expr_up_acc_down']","['up/down', 'up/up', 'up/down']",1,0,0,0,0,0,0,2,0,conflict,late down,late down,late down & late down,late down & late down | conflict
MRPL28,-0.782621556136254,-0.258693661299282,-0.299359514069917,2.69872,-1.1429399999999994,-0.1180199999999995,"['down', 'down', 'down']","['up', 'down', 'flat']","['expr_down_acc_up', 'decrease', 'expr_only_down']","[['down', 'up'], ['down', 'down'], ['down', 'flat']]","['down/up , expr_down_acc_up', 'down/down , decrease', 'down/flat , expr_only_down']","['down/up', 'down/down', 'down/flat']",0,1,0,0,1,0,0,0,1,mixed,late down,late up,late down & late up,late down & late up | mixed
TMEM8A,0.518066413092496,0.532120360550884,0.897042926263921,-6.536499999999998,-0.4734599999999993,-4.13486,"['up', 'up', 'up']","['down', 'down', 'down']","['expr_up_acc_down', 'expr_up_acc_down', 'expr_up_acc_down']","[['up', 'down'], ['up', 'down'], ['up', 'down']]","['up/down , expr_up_acc_down', 'up/down , expr_up_acc_down', 'up/down , expr_up_acc_down']","['up/down', 'up/down', 'up/down']",0,0,0,0,0,0,0,3,0,conflict,flat,late down,flat & late down,flat & late down | conflict
DECR2,0.40024158066935,0.0462924349384564,0.101157667189198,1.257530000000001,7.01857,-3.65429,"['up', 'up', 'up']","['up', 'up', 'down']","['increase', 'increase', 'expr_up_acc_down']","[['up', 'up'], ['up', 'up'], ['up', 'down']]","['up/up , increase', 'up/up , increase', 'up/down , expr_up_acc_down']","['up/up', 'up/up', 'up/down']",2,0,0,0,0,0,0,1,0,mixed,late up,late down,late up & late down,late up & late down | mixed
RAB11FIP3,-0.0666768768996812,-0.11588650675987,0.216979595814102,-0.0929999999999999,2.66431,-6.67385,"['down', 'down', 'up']","['flat', 'up', 'down']","['expr_only_down', 'expr_down_acc_up', 'expr_up_acc_down']","[['down', 'flat'], ['down', 'up'], ['up', 'down']]","['down/flat , expr_only_down', 'down/up , expr_down_acc_up', 'up/down , expr_up_acc_down']","['down/flat', 'down/up', 'up/down']",0,0,0,0,1,0,0,1,1,conflict,late up,late down,late up & late down,late up & late down | conflict
CAPN15,0.479979699747476,0.646306835256838,0.882496955612185,2.21755,1.5158799999999997,-6.05719,"['up', 'up', 'up']","['up', 'up', 'down']","['increase', 'increase', 'expr_up_acc_down']","[['up', 'up'], ['up', 'up'], ['up', 'down']]","['up/up , increase', 'up/up , increase', 'up/down , expr_up_acc_down']","['up/up', 'up/up', 'up/down']",2,0,0,0,0,0,0,1,0,mixed,gradual up,gradual down,gradual up & gradual down,gradual up & gradual down | mixed
LOC103225437,-0.474071734044878,-0.759188883670514,-1.62070354112934,4.916240000000001,1.63835,1.4959500000000006,"['down', 'down', 'down']","['up', 'up', 'up']","['expr_down_acc_up', 'expr_down_acc_up', 'expr_down_acc_up']","[['down', 'up'], ['down', 'up'], ['down', 'up']]","['down/up , expr_down_acc_up', 'down/up , expr_down_acc_up', 'down/up , expr_down_acc_up']","['down/up', 'down/up', 'down/up']",0,0,0,0,0,0,0,0,3,conflict,gradual down,flat,gradual down & flat,gradual down & flat | conflict
PRR35,-2.10192267910387,0.208834431420922,0.0700446729950099,-1.4411999999999998,1.2138,-1.5778199999999996,"['down', 'up', 'up']","['down', 'up', 'down']","['decrease', 'increase', 'expr_up_acc_down']","[['down', 'down'], ['up', 'up'], ['up', 'down']]","['down/down , decrease', 'up/up , increase', 'up/down , expr_up_acc_down']","['down/down', 'up/up', 'up/down']",1,1,0,0,0,0,0,1,0,mixed,late down,late down,late down & late down,late down & late down | mixed
PIGQ,-0.0468605645392912,-0.899379047168149,-1.3593162520998,-0.2836100000000003,2.1200299999999994,0.0361500000000001,"['down', 'down', 'down']","['down', 'up', 'flat']","['decrease', 'expr_down_acc_up', 'expr_only_down']","[['down', 'down'], ['down', 'up'], ['down', 'flat']]","['down/down , decrease', 'down/up , expr_down_acc_up', 'down/flat , expr_only_down']","['down/down', 'down/up', 'down/flat']",0,1,0,0,1,0,0,0,1,mixed,gradual down,late down,gradual down & late down,gradual down & late down | mixed
RAB40C,0.0871190232862322,0.216007349564083,0.470383832149993,9.15146,1.94042,-0.7708399999999997,"['up', 'up', 'up']","['up', 'up', 'down']","['increase', 'increase', 'expr_up_acc_down']","[['up', 'up'], ['up', 'up'], ['up', 'down']]","['up/up , increase', 'up/up , increase', 'up/down , expr_up_acc_down']","['up/up', 'up/up', 'up/down']",2,0,0,0,0,0,0,1,0,mixed,gradual up,gradual down,gradual up & gradual down,gradual up & gradual down | mixed
WFIKKN1,1.46040863755305,3.70273789259647,1.55204606499798,1.0622699999999998,-0.1169799999999998,1.47788,"['up', 'up', 'up']","['up', 'flat', 'up']","['increase', 'expr_only_up', 'increase']","[['up', 'up'], ['up', 'flat'], ['up', 'up']]","['up/up , increase', 'up/flat , expr_only_up', 'up/up , increase']","['up/up', 'up/flat', 'up/up']",2,0,0,1,0,0,0,0,0,mixed,late down,late up,late down & late up,late down & late up | mixed
C5H16orf13,0.574410856900897,-0.188811436923789,-0.623739965531765,-32.81259,-0.1169799999999998,-2.05839,"['up', 'down', 'down']","['down', 'flat', 'down']","['expr_up_acc_down', 'expr_only_down', 'decrease']","[['up', 'down'], ['down', 'flat'], ['down', 'down']]","['up/down , expr_up_acc_down', 'down/flat , expr_only_down', 'down/down , decrease']","['up/down', 'down/flat', 'down/down']",0,1,0,0,1,0,0,1,0,mixed,gradual down,late down,gradual down & late down,gradual down & late down | mixed
TRNAG-CCC,0.699966188654301,0.607308714734572,0.429866902565023,-5.174399999999999,0.91172,6.818379999999999,"['up', 'up', 'up']","['down', 'up', 'up']","['expr_up_acc_down', 'increase', 'increase']","[['up', 'down'], ['up', 'up'], ['up', 'up']]","['up/down , expr_up_acc_down', 'up/up , increase', 'up/up , increase']","['up/down', 'up/up', 'up/up']",2,0,0,0,0,0,0,1,0,mixed,gradual down,gradual up,gradual down & gradual up,gradual down & gradual up | mixed
FAM195A,-0.654925430728155,-0.0312327846277604,-0.131492033539061,0.4880899999999997,2.6044500000000004,0.3444800000000003,"['down', 'down', 'down']","['up', 'up', 'up']","['expr_down_acc_up', 'expr_down_acc_up', 'expr_down_acc_up']","[['down', 'up'], ['down', 'up'], ['down', 'up']]","['down/up , expr_down_acc_up', 'down/up , expr_down_acc_up', 'down/up , expr_down_acc_up']","['down/up', 'down/up', 'down/up']",0,0,0,0,0,0,0,0,3,conflict,late down,late down,late down & late down,late down & late down | conflict
LOC103225575,0.452931952890849,-0.810983231655471,1.96473438748906,-0.1882999999999999,0.0054999999999996,-2.21256,"['up', 'down', 'up']","['down', 'flat', 'down']","['expr_up_acc_down', 'expr_only_down', 'expr_up_acc_down']","[['up', 'down'], ['down', 'flat'], ['up', 'down']]","['up/down , expr_up_acc_down', 'down/flat , expr_only_down', 'up/down , expr_up_acc_down']","['up/down', 'down/flat', 'up/down']",0,0,0,0,1,0,0,2,0,conflict,late up,flat,late up & flat,late up & flat | conflict
WDR90,1.09020567849075,1.05426489161434,1.124208421954,0.2928699999999997,2.18264,0.67089,"['up', 'up', 'up']","['up', 'up', 'up']","['increase', 'increase', 'increase']","[['up', 'up'], ['up', 'up'], ['up', 'up']]","['up/up , increase', 'up/up , increase', 'up/up , increase']","['up/up', 'up/up', 'up/up']",3,0,0,0,0,0,0,0,0,expr_acc_up,late up,late down,late up & late down,late up & late down | expr_acc_up
RHOT2,0.752237987720203,0.818113091758522,1.19377782214378,-7.205999999999999,3.87536,-4.76959,"['up', 'up', 'up']","['down', 'up', 'down']","['expr_up_acc_down', 'increase', 'expr_up_acc_down']","[['up', 'down'], ['up', 'up'], ['up', 'down']]","['up/down , expr_up_acc_down', 'up/up , increase', 'up/down , expr_up_acc_down']","['up/down', 'up/up', 'up/down']",1,0,0,0,0,0,0,2,0,conflict,gradual up,late down,gradual up & late down,gradual up & late down | conflict
STUB1,-0.11054039391411,-0.13673852995411,-0.128930982471814,2.9963,10.04214,1.9765300000000003,"['down', 'down', 'down']","['up', 'up', 'up']","['expr_down_acc_up', 'expr_down_acc_up', 'expr_down_acc_up']","[['down', 'up'], ['down', 'up'], ['down', 'up']]","['down/up , expr_down_acc_up', 'down/up , expr_down_acc_up', 'down/up , expr_down_acc_up']","['down/up', 'down/up', 'down/up']",0,0,0,0,0,0,0,0,3,conflict,flat,late down,flat & late down,flat & late down | conflict
JMJD8,-0.653324096322445,-0.935933809268475,-1.34068321583571,4.5281,0.2449499999999997,1.6501100000000006,"['down', 'down', 'down']","['up', 'up', 'up']","['expr_down_acc_up', 'expr_down_acc_up', 'expr_down_acc_up']","[['down', 'up'], ['down', 'up'], ['down', 'up']]","['down/up , expr_down_acc_up', 'down/up , expr_down_acc_up', 'down/up , expr_down_acc_up']","['down/up', 'down/up', 'down/up']",0,0,0,0,0,0,0,0,3,conflict,gradual down,late up,gradual down & late up,gradual down & late up | conflict
WDR24,0.360979739068798,0.465819325780019,1.12086450576363,5.5880600000000005,-1.38516,1.1695400000000005,"['up', 'up', 'up']","['up', 'down', 'up']","['increase', 'expr_up_acc_down', 'increase']","[['up', 'up'], ['up', 'down'], ['up', 'up']]","['up/up , increase', 'up/down , expr_up_acc_down', 'up/up , increase']","['up/up', 'up/down', 'up/up']",2,0,0,0,0,0,0,1,0,mixed,gradual up,late up,gradual up & late up,gradual up & late up | mixed
FBXL16,3.32686157259423,2.05236250283311,2.69176348546508,0.6764099999999997,0.2477,-2.5389699999999995,"['up', 'up', 'up']","['up', 'up', 'down']","['increase', 'increase', 'expr_up_acc_down']","[['up', 'up'], ['up', 'up'], ['up', 'down']]","['up/up , increase', 'up/up , increase', 'up/down , expr_up_acc_down']","['up/up', 'up/up', 'up/down']",2,0,0,0,0,0,0,1,0,mixed,late up,gradual down,late up & gradual down,late up & gradual down | mixed
METRN,-0.140654591420637,0.026038809900043,0.499158674850564,2.7010400000000008,3.4508,0.0361500000000001,"['down', 'up', 'up']","['up', 'up', 'flat']","['expr_down_acc_up', 'increase', 'expr_only_up']","[['down', 'up'], ['up', 'up'], ['up', 'flat']]","['down/up , expr_down_acc_up', 'up/up , increase', 'up/flat , expr_only_up']","['down/up', 'up/up', 'up/flat']",1,0,0,1,0,0,0,0,1,mixed,gradual up,late down,gradual up & late down,gradual up & late down | mixed
CCDC78,-0.0395844514482371,0.736835409071106,0.434023079364468,1.54344,-7.42672,-2.5389699999999995,"['down', 'up', 'up']","['up', 'down', 'down']","['expr_down_acc_up', 'expr_up_acc_down', 'expr_up_acc_down']","[['down', 'up'], ['up', 'down'], ['up', 'down']]","['down/up , expr_down_acc_up', 'up/down , expr_up_acc_down', 'up/down , expr_up_acc_down']","['down/up', 'up/down', 'up/down']",0,0,0,0,0,0,0,2,1,conflict,late down,late up,late down & late up,late down & late up | conflict
HAGHL,0.600453022467731,0.754271370639091,0.570017802559198,7.12916,4.237299999999999,1.3237100000000002,"['up', 'up', 'up']","['up', 'up', 'up']","['increase', 'increase', 'increase']","[['up', 'up'], ['up', 'up'], ['up', 'up']]","['up/up , increase', 'up/up , increase', 'up/up , increase']","['up/up', 'up/up', 'up/up']",3,0,0,0,0,0,0,0,0,expr_acc_up,late down,gradual down,late down & gradual down,late down & gradual down | expr_acc_up
NARFL,-0.168327639739682,-0.0443337175349674,0.176288310435018,3.08458,2.6044500000000004,0.5167299999999999,"['down', 'down', 'up']","['up', 'up', 'up']","['expr_down_acc_up', 'expr_down_acc_up', 'increase']","[['down', 'up'], ['down', 'up'], ['up', 'up']]","['down/up , expr_down_acc_up', 'down/up , expr_down_acc_up', 'up/up , increase']","['down/up', 'down/up', 'up/up']",1,0,0,0,0,0,0,0,2,conflict,gradual up,gradual down,gradual up & gradual down,gradual up & gradual down | conflict
MSLN,0.34835015411867,-0.0288178243245817,0.454480188117084,-4.8093900000000005,-14.494140000000002,-12.30459,"['up', 'down', 'up']","['down', 'down', 'down']","['expr_up_acc_down', 'decrease', 'expr_up_acc_down']","[['up', 'down'], ['down', 'down'], ['up', 'down']]","['up/down , expr_up_acc_down', 'down/down , decrease', 'up/down , expr_up_acc_down']","['up/down', 'down/down', 'up/down']",0,1,0,0,0,0,0,2,0,conflict,late up,late up,late up & late up,late up & late up | conflict
LOC103225672,1.18856823212639,-0.477627631115218,4.40853279031303,-0.5741700000000005,2.06016,-0.9249999999999998,"['up', 'down', 'up']","['down', 'up', 'down']","['expr_up_acc_down', 'expr_down_acc_up', 'expr_up_acc_down']","[['up', 'down'], ['down', 'up'], ['up', 'down']]","['up/down , expr_up_acc_down', 'down/up , expr_down_acc_up', 'up/down , expr_up_acc_down']","['up/down', 'down/up', 'up/down']",0,0,0,0,0,0,0,2,1,conflict,late up,late down,late up & late down,late up & late down | conflict
RPUSD1,-2.46901664578469,0.0,2.41137907275767,-2.4965800000000016,-8.27027,-2.05839,"['down', 'flat', 'up']","['down', 'down', 'down']","['decrease', 'acc_only_down', 'expr_up_acc_down']","[['down', 'down'], ['flat', 'down'], ['up', 'down']]","['down/down , decrease', 'flat/down , acc_only_down', 'up/down , expr_up_acc_down']","['down/down', 'flat/down', 'up/down']",0,1,0,0,0,0,1,1,0,mixed,gradual up,late up,gradual up & late up,gradual up & late up | mixed
CHTF18,-0.16959144610933,-0.116949463956001,-0.547447386559539,1.4481399999999995,4.90132,0.1903100000000002,"['down', 'down', 'down']","['up', 'up', 'up']","['expr_down_acc_up', 'expr_down_acc_up', 'expr_down_acc_up']","[['down', 'up'], ['down', 'up'], ['down', 'up']]","['down/up , expr_down_acc_up', 'down/up , expr_down_acc_up', 'down/up , expr_down_acc_up']","['down/up', 'down/up', 'down/up']",0,0,0,0,0,0,0,0,3,conflict,late down,late down,late down & late down,late down & late down | conflict
SOX8,1.16552978816997,0.344711055705451,1.6986012920745,0.4834899999999997,4.84145,0.5167299999999999,"['up', 'up', 'up']","['up', 'up', 'up']","['increase', 'increase', 'increase']","[['up', 'up'], ['up', 'up'], ['up', 'up']]","['up/up , increase', 'up/up , increase', 'up/up , increase']","['up/up', 'up/up', 'up/up']",3,0,0,0,0,0,0,0,0,expr_acc_up,late up,late down,late up & late down,late up & late down | expr_acc_up
LOC103225786,0.0,2.56952512592658,0.0,1.1575899999999997,-0.0543699999999995,0.8431300000000004,"['flat', 'up', 'flat']","['up', 'flat', 'up']","['acc_only_up', 'expr_only_up', 'acc_only_up']","[['flat', 'up'], ['up', 'flat'], ['flat', 'up']]","['flat/up , acc_only_up', 'up/flat , expr_only_up', 'flat/up , acc_only_up']","['flat/up', 'up/flat', 'flat/up']",0,0,0,1,0,2,0,0,0,accessibility_only,late down,late up,late down & late up,late down & late up | accessibility_only
CACNA1H,2.94711994873944,5.17130500037857,3.41378464626391,0.8693399999999998,1.15393,-1.7319899999999997,"['up', 'up', 'up']","['up', 'up', 'down']","['increase', 'increase', 'expr_up_acc_down']","[['up', 'up'], ['up', 'up'], ['up', 'down']]","['up/up , increase', 'up/up , increase', 'up/down , expr_up_acc_down']","['up/up', 'up/up', 'up/down']",2,0,0,0,0,0,0,1,0,mixed,late down,late down,late down & late down,late down & late down | mixed
LOC103225801,0.0,0.0,2.40178883633417,0.8693399999999998,1.15393,-0.9249999999999998,"['flat', 'flat', 'up']","['up', 'up', 'down']","['acc_only_up', 'acc_only_up', 'expr_up_acc_down']","[['flat', 'up'], ['flat', 'up'], ['up', 'down']]","['flat/up , acc_only_up', 'flat/up , acc_only_up', 'up/down , expr_up_acc_down']","['flat/up', 'flat/up', 'up/down']",0,0,0,0,0,2,0,1,0,accessibility_only,flat,late down,flat & late down,flat & late down | accessibility_only
LOC103225927,0.0,3.23393926303235,3.40459056307748,2.69872,3.57328,-4.44322,"['flat', 'up', 'up']","['up', 'up', 'down']","['acc_only_up', 'increase', 'expr_up_acc_down']","[['flat', 'up'], ['up', 'up'], ['up', 'down']]","['flat/up , acc_only_up', 'up/up , increase', 'up/down , expr_up_acc_down']","['flat/up', 'up/up', 'up/down']",1,0,0,0,0,1,0,1,0,mixed,gradual up,late down,gradual up & late down,gradual up & late down | mixed
LOC103225949,0.0,0.0,2.40178883633417,1.54344,-2.17165,-0.9249999999999998,"['flat', 'flat', 'up']","['up', 'down', 'down']","['acc_only_up', 'acc_only_down', 'expr_up_acc_down']","[['flat', 'up'], ['flat', 'down'], ['up', 'down']]","['flat/up , acc_only_up', 'flat/down , acc_only_down', 'up/down , expr_up_acc_down']","['flat/up', 'flat/down', 'up/down']",0,0,0,0,0,1,1,1,0,accessibility_only,flat,late up,flat & late up,flat & late up | accessibility_only
UBE2I,-0.406381333162238,-0.431357141989767,-0.450236390649386,1.0622699999999998,2.4220999999999995,-3.5001199999999995,"['down', 'down', 'down']","['up', 'up', 'down']","['expr_down_acc_up', 'expr_down_acc_up', 'decrease']","[['down', 'up'], ['down', 'up'], ['down', 'down']]","['down/up , expr_down_acc_up', 'down/up , expr_down_acc_up', 'down/down , decrease']","['down/up', 'down/up', 'down/down']",0,1,0,0,0,0,0,0,2,conflict,flat,late down,flat & late down,flat & late down | conflict
BAIAP3,-0.629293116048624,1.3844555395701,2.40219491398414,0.7740399999999994,0.4871699999999999,-1.0791699999999995,"['down', 'up', 'up']","['up', 'up', 'down']","['expr_down_acc_up', 'increase', 'expr_up_acc_down']","[['down', 'up'], ['up', 'up'], ['up', 'down']]","['down/up , expr_down_acc_up', 'up/up , increase', 'up/down , expr_up_acc_down']","['down/up', 'up/up', 'up/down']",1,0,0,0,0,0,0,1,1,conflict,gradual up,gradual down,gradual up & gradual down,gradual up & gradual down | conflict
TSR3,-0.738485201196048,-0.247909468073412,-0.657139886824544,-24.34449,2.8466500000000003,-3.944570000000001,"['down', 'down', 'down']","['down', 'up', 'down']","['decrease', 'expr_down_acc_up', 'decrease']","[['down', 'down'], ['down', 'up'], ['down', 'down']]","['down/down , decrease', 'down/up , expr_down_acc_up', 'down/down , decrease']","['down/down', 'down/up', 'down/down']",0,2,0,0,0,0,0,0,1,mixed,late down,late down,late down & late down,late down & late down | mixed
GNPTG,-0.165546495130641,-0.671160419461453,-0.430480561561581,-19.62578,3.75288,-7.1725,"['down', 'down', 'down']","['down', 'up', 'down']","['decrease', 'expr_down_acc_up', 'decrease']","[['down', 'down'], ['down', 'up'], ['down', 'down']]","['down/down , decrease', 'down/up , expr_down_acc_up', 'down/down , decrease']","['down/down', 'down/up', 'down/down']",0,2,0,0,0,0,0,0,1,mixed,late up,late down,late up & late down,late up & late down | mixed
LOC103225995,0.0280713633115812,0.258615615681296,0.503767984694978,-0.0929999999999999,1.2736600000000005,2.6112600000000006,"['up', 'up', 'up']","['flat', 'up', 'up']","['expr_only_up', 'increase', 'increase']","[['up', 'flat'], ['up', 'up'], ['up', 'up']]","['up/flat , expr_only_up', 'up/up , increase', 'up/up , increase']","['up/flat', 'up/up', 'up/up']",2,0,0,1,0,0,0,0,0,mixed,gradual up,gradual up,gradual up & gradual up,gradual up & gradual up | mixed
LOC103226072,0.162199085394122,0.370328750212606,1.27500399358698,3.854,0.4273000000000002,1.8042800000000003,"['up', 'up', 'up']","['up', 'up', 'up']","['increase', 'increase', 'increase']","[['up', 'up'], ['up', 'up'], ['up', 'up']]","['up/up , increase', 'up/up , increase', 'up/up , increase']","['up/up', 'up/up', 'up/up']",3,0,0,0,0,0,0,0,0,expr_acc_up,gradual up,late up,gradual up & late up,gradual up & late up | expr_acc_up
C5H16orf91,-0.560964373718619,-0.0736588835082973,-0.146717310567389,2.2221,0.3977000000000004,-0.7708399999999997,"['down', 'down', 'down']","['up', 'up', 'down']","['expr_down_acc_up', 'expr_down_acc_up', 'decrease']","[['down', 'up'], ['down', 'up'], ['down', 'down']]","['down/up , expr_down_acc_up', 'down/up , expr_down_acc_up', 'down/down , decrease']","['down/up', 'down/up', 'down/down']",0,1,0,0,0,0,0,0,2,conflict,late down,gradual down,late down & gradual down,late down & gradual down | conflict
LOC103226091,-0.467271647338161,-0.522016488194905,-1.28061824114165,0.6764099999999997,-0.66127,0.3625600000000002,"['down', 'down', 'down']","['up', 'down', 'up']","['expr_down_acc_up', 'decrease', 'expr_down_acc_up']","[['down', 'up'], ['down', 'down'], ['down', 'up']]","['down/up , expr_down_acc_up', 'down/down , decrease', 'down/up , expr_down_acc_up']","['down/up', 'down/down', 'down/up']",0,1,0,0,0,0,0,0,2,conflict,gradual down,late up,gradual down & late up,gradual down & late up | conflict
CCDC154,-1.86135778204644,-0.86013225675715,-0.571184980341804,0.5811000000000002,1.4560000000000004,-3.32787,"['down', 'down', 'down']","['up', 'up', 'down']","['expr_down_acc_up', 'expr_down_acc_up', 'decrease']","[['down', 'up'], ['down', 'up'], ['down', 'down']]","['down/up , expr_down_acc_up', 'down/up , expr_down_acc_up', 'down/down , decrease']","['down/up', 'down/up', 'down/down']",0,1,0,0,0,0,0,0,2,conflict,gradual up,late down,gradual up & late down,gradual up & late down | conflict
CLCN7,0.54499404101454,0.624056135803478,1.22198815410595,-0.2859300000000004,-1.56475,-1.40557,"['up', 'up', 'up']","['down', 'down', 'down']","['expr_up_acc_down', 'expr_up_acc_down', 'expr_up_acc_down']","[['up', 'down'], ['up', 'down'], ['up', 'down']]","['up/down , expr_up_acc_down', 'up/down , expr_up_acc_down', 'up/down , expr_up_acc_down']","['up/down', 'up/down', 'up/down']",0,0,0,0,0,0,0,3,0,conflict,gradual up,flat,gradual up & flat,gradual up & flat | conflict
PTX4,1.31684437530567,0.0351786393703125,1.23850307971114,1.1575899999999997,0.3674300000000006,-1.0972399999999998,"['up', 'up', 'up']","['up', 'up', 'down']","['increase', 'increase', 'expr_up_acc_down']","[['up', 'up'], ['up', 'up'], ['up', 'down']]","['up/up , increase', 'up/up , increase', 'up/down , expr_up_acc_down']","['up/up', 'up/up', 'up/down']",2,0,0,0,0,0,0,1,0,mixed,late up,gradual down,late up & gradual down,late up & gradual down | mixed
TELO2,0.361902735275774,0.370694248095349,0.747448403943416,-5.478869999999999,-9.4813,0.3625600000000002,"['up', 'up', 'up']","['down', 'down', 'up']","['expr_up_acc_down', 'expr_up_acc_down', 'increase']","[['up', 'down'], ['up', 'down'], ['up', 'up']]","['up/down , expr_up_acc_down', 'up/down , expr_up_acc_down', 'up/up , increase']","['up/down', 'up/down', 'up/up']",1,0,0,0,0,0,0,2,0,conflict,flat,late up,flat & late up,flat & late up | conflict
IFT140,-0.315831690719074,-0.655184244829093,-0.737013792943643,0.8693399999999998,1.03145,-0.7708399999999997,"['down', 'down', 'down']","['up', 'up', 'down']","['expr_down_acc_up', 'expr_down_acc_up', 'decrease']","[['down', 'up'], ['down', 'up'], ['down', 'down']]","['down/up , expr_down_acc_up', 'down/up , expr_down_acc_up', 'down/down , decrease']","['down/up', 'down/up', 'down/down']",0,1,0,0,0,0,0,0,2,conflict,gradual down,flat,gradual down & flat,gradual down & flat | conflict
TMEM204,1.99577894767388,0.0,2.4113253024502,0.1952399999999996,0.7293700000000003,2.7654300000000003,"['up', 'flat', 'up']","['up', 'up', 'up']","['increase', 'acc_only_up', 'increase']","[['up', 'up'], ['flat', 'up'], ['up', 'up']]","['up/up , increase', 'flat/up , acc_only_up', 'up/up , increase']","['up/up', 'flat/up', 'up/up']",2,0,0,0,0,1,0,0,0,mixed,late up,gradual up,late up & gradual up,late up & gradual up | mixed
LOC103226125,0.667431768809435,0.813940986714014,1.06477616201885,-0.9600300000000002,0.6695100000000007,-0.2902599999999999,"['up', 'up', 'up']","['down', 'up', 'down']","['expr_up_acc_down', 'increase', 'expr_up_acc_down']","[['up', 'down'], ['up', 'up'], ['up', 'down']]","['up/down , expr_up_acc_down', 'up/up , increase', 'up/down , expr_up_acc_down']","['up/down', 'up/up', 'up/down']",1,0,0,0,0,0,0,2,0,conflict,gradual up,late down,gradual up & late down,gradual up & late down | conflict
CRAMP1L,0.861055314193847,1.02340646844872,1.24671080633006,1.0622699999999998,-0.2965800000000005,0.0361500000000001,"['up', 'up', 'up']","['up', 'down', 'flat']","['increase', 'expr_up_acc_down', 'expr_only_up']","[['up', 'up'], ['up', 'down'], ['up', 'flat']]","['up/up , increase', 'up/down , expr_up_acc_down', 'up/flat , expr_only_up']","['up/up', 'up/down', 'up/flat']",1,0,0,1,0,0,0,1,0,mixed,gradual up,late up,gradual up & late up,gradual up & late up | mixed
LOC103226179,0.676753251344636,0.0,0.0,1.9454999999999991,-0.2774000000000001,-13.419900000000002,"['up', 'flat', 'flat']","['up', 'down', 'down']","['increase', 'acc_only_down', 'acc_only_down']","[['up', 'up'], ['flat', 'down'], ['flat', 'down']]","['up/up , increase', 'flat/down , acc_only_down', 'flat/down , acc_only_down']","['up/up', 'flat/down', 'flat/down']",1,0,0,0,0,0,2,0,0,accessibility_only,flat,gradual down,flat & gradual down,flat & gradual down | accessibility_only
HN1L,-0.325951743557516,-0.556089727234419,-0.85719493089497,1.9454999999999991,21.47204,-13.419900000000002,"['down', 'down', 'down']","['up', 'up', 'down']","['expr_down_acc_up', 'expr_down_acc_up', 'decrease']","[['down', 'up'], ['down', 'up'], ['down', 'down']]","['down/up , expr_down_acc_up', 'down/up , expr_down_acc_up', 'down/down , decrease']","['down/up', 'down/up', 'down/down']",0,1,0,0,0,0,0,0,2,conflict,gradual down,late down,gradual down & late down,gradual down & late down | conflict
MAPK8IP3,-0.241947096968852,0.905394472698261,1.13341896859797,30.72276,-19.8035,5.70308,"['down', 'up', 'up']","['up', 'down', 'up']","['expr_down_acc_up', 'expr_up_acc_down', 'increase']","[['down', 'up'], ['up', 'down'], ['up', 'up']]","['down/up , expr_down_acc_up', 'up/down , expr_up_acc_down', 'up/up , increase']","['down/up', 'up/down', 'up/up']",1,0,0,0,0,0,0,1,1,conflict,gradual up,late up,gradual up & late up,gradual up & late up | conflict
MRPS34,-0.453877729493761,-0.632895985705519,-1.72275081399295,7.61264,2.78679,1.6501100000000006,"['down', 'down', 'down']","['up', 'up', 'up']","['expr_down_acc_up', 'expr_down_acc_up', 'expr_down_acc_up']","[['down', 'up'], ['down', 'up'], ['down', 'up']]","['down/up , expr_down_acc_up', 'down/up , expr_down_acc_up', 'down/up , expr_down_acc_up']","['down/up', 'down/up', 'down/up']",0,0,0,0,0,0,0,0,3,conflict,gradual down,gradual down,gradual down & gradual down,gradual down & gradual down | conflict
EME2,-0.196933451351494,-0.503534422351331,-0.775519490918098,-2.49885,2.48471,1.6501100000000006,"['down', 'down', 'down']","['down', 'up', 'up']","['decrease', 'expr_down_acc_up', 'expr_down_acc_up']","[['down', 'down'], ['down', 'up'], ['down', 'up']]","['down/down , decrease', 'down/up , expr_down_acc_up', 'down/up , expr_down_acc_up']","['down/down', 'down/up', 'down/up']",0,1,0,0,0,0,0,0,2,conflict,gradual down,late down,gradual down & late down,gradual down & late down | conflict
SPSB3,0.619575806609969,0.990810143125226,1.41480557462049,1.7363799999999996,0.3674300000000006,-1.0972399999999998,"['up', 'up', 'up']","['up', 'up', 'down']","['increase', 'increase', 'expr_up_acc_down']","[['up', 'up'], ['up', 'up'], ['up', 'down']]","['up/up , increase', 'up/up , increase', 'up/down , expr_up_acc_down']","['up/up', 'up/up', 'up/down']",2,0,0,0,0,0,0,1,0,mixed,gradual up,gradual down,gradual up & gradual down,gradual up & gradual down | mixed
NUBP2,-0.257477416705585,-0.498833363917686,-0.0619788238268369,5.973890000000001,-0.23672,-1.7319899999999997,"['down', 'down', 'down']","['up', 'down', 'down']","['expr_down_acc_up', 'decrease', 'decrease']","[['down', 'up'], ['down', 'down'], ['down', 'down']]","['down/up , expr_down_acc_up', 'down/down , decrease', 'down/down , decrease']","['down/up', 'down/down', 'down/down']",0,2,0,0,0,0,0,0,1,mixed,late up,gradual down,late up & gradual down,late up & gradual down | mixed
IGFALS,3.31375701431795,2.56128156273127,0.956806139336727,-1.2482700000000009,0.5497800000000002,0.9973,"['up', 'up', 'up']","['down', 'up', 'up']","['expr_up_acc_down', 'increase', 'increase']","[['up', 'down'], ['up', 'up'], ['up', 'up']]","['up/down , expr_up_acc_down', 'up/up , increase', 'up/up , increase']","['up/down', 'up/up', 'up/up']",2,0,0,0,0,0,0,1,0,mixed,gradual down,gradual up,gradual down & gradual up,gradual down & gradual up | mixed
HAGH,-0.65089453049185,-0.973297981256683,-1.39684520356575,2.69872,0.4273000000000002,1.1514600000000002,"['down', 'down', 'down']","['up', 'up', 'up']","['expr_down_acc_up', 'expr_down_acc_up', 'expr_down_acc_up']","[['down', 'up'], ['down', 'up'], ['down', 'up']]","['down/up , expr_down_acc_up', 'down/up , expr_down_acc_up', 'down/up , expr_down_acc_up']","['down/up', 'down/up', 'down/up']",0,0,0,0,0,0,0,0,3,conflict,gradual down,late up,gradual down & late up,gradual down & late up | conflict
FAHD1,-1.07094086877366,-0.826552031030057,-2.09746266884618,27.83343,-4.568999999999999,-6.964,"['down', 'down', 'down']","['up', 'down', 'down']","['expr_down_acc_up', 'decrease', 'decrease']","[['down', 'up'], ['down', 'down'], ['down', 'down']]","['down/up , expr_down_acc_up', 'down/down , decrease', 'down/down , decrease']","['down/up', 'down/down', 'down/down']",0,2,0,0,0,0,0,0,1,mixed,late down,gradual down,late down & gradual down,late down & gradual down | mixed
MEIOB,-1.24646861216269,-0.46982238414467,-3.28496809435599,34.96029,-1.50488,-20.9007,"['down', 'down', 'down']","['up', 'down', 'down']","['expr_down_acc_up', 'decrease', 'decrease']","[['down', 'up'], ['down', 'down'], ['down', 'down']]","['down/up , expr_down_acc_up', 'down/down , decrease', 'down/down , decrease']","['down/up', 'down/down', 'down/down']",0,2,0,0,0,0,0,0,1,mixed,late down,gradual down,late down & gradual down,late down & gradual down | mixed
HS3ST6,0.0,2.56950356955375,-0.476134285541577,0.1952399999999996,-0.4190599999999995,-1.5778199999999996,"['flat', 'up', 'down']","['up', 'down', 'down']","['acc_only_up', 'expr_up_acc_down', 'decrease']","[['flat', 'up'], ['up', 'down'], ['down', 'down']]","['flat/up , acc_only_up', 'up/down , expr_up_acc_down', 'down/down , decrease']","['flat/up', 'up/down', 'down/down']",0,1,0,0,0,1,0,1,0,mixed,late down,gradual down,late down & gradual down,late down & gradual down | mixed
LOC103226408,-0.56823869701608,-0.773352461740827,-1.03756257272919,3.854,1.5158799999999997,-0.7708399999999997,"['down', 'down', 'down']","['up', 'up', 'down']","['expr_down_acc_up', 'expr_down_acc_up', 'decrease']","[['down', 'up'], ['down', 'up'], ['down', 'down']]","['down/up , expr_down_acc_up', 'down/up , expr_down_acc_up', 'down/down , decrease']","['down/up', 'down/up', 'down/down']",0,1,0,0,0,0,0,0,2,conflict,gradual down,gradual down,gradual down & gradual down,gradual down & gradual down | conflict
LOC103226421,-1.01583394315843,2.20578397067878,3.99151509081235,-7.117590000000001,5.50819,5.512790000000001,"['down', 'up', 'up']","['down', 'up', 'up']","['decrease', 'increase', 'increase']","[['down', 'down'], ['up', 'up'], ['up', 'up']]","['down/down , decrease', 'up/up , increase', 'up/up , increase']","['down/down', 'up/up', 'up/up']",2,1,0,0,0,0,0,0,0,mixed,gradual up,flat,gradual up & flat,gradual up & flat | mixed
RPL3L,-1.90157861368896,0.0,2.4017698105289,2.02461,0.06536,0.67089,"['down', 'flat', 'up']","['up', 'flat', 'up']","['expr_down_acc_up', 'neutral', 'increase']","[['down', 'up'], ['flat', 'flat'], ['up', 'up']]","['down/up , expr_down_acc_up', 'flat/flat , neutral', 'up/up , increase']","['down/up', 'flat/flat', 'up/up']",1,0,1,0,0,0,0,0,1,mixed,gradual up,late up,gradual up & late up,gradual up & late up | mixed
NDUFB10,-1.04770810851861,-0.670914554686929,-1.89307569270105,-0.9577100000000004,0.6695100000000007,-13.556070000000002,"['down', 'down', 'down']","['down', 'up', 'down']","['decrease', 'expr_down_acc_up', 'decrease']","[['down', 'down'], ['down', 'up'], ['down', 'down']]","['down/down , decrease', 'down/up , expr_down_acc_up', 'down/down , decrease']","['down/down', 'down/up', 'down/down']",0,2,0,0,0,0,0,0,1,mixed,late down,late down,late down & late down,late down & late down | mixed
RPS2,-0.355947631278909,-0.381325258242874,-1.37047737191165,2.02461,-0.66127,3.0918400000000004,"['down', 'down', 'down']","['up', 'down', 'up']","['expr_down_acc_up', 'decrease', 'expr_down_acc_up']","[['down', 'up'], ['down', 'down'], ['down', 'up']]","['down/up , expr_down_acc_up', 'down/down , decrease', 'down/up , expr_down_acc_up']","['down/up', 'down/down', 'down/up']",0,1,0,0,0,0,0,0,2,conflict,gradual down,late up,gradual down & late up,gradual down & late up | conflict
TBL3,0.582701666052054,0.804848140261257,0.684712361920016,-6.8201,-7.1762,-10.5365,"['up', 'up', 'up']","['down', 'down', 'down']","['expr_up_acc_down', 'expr_up_acc_down', 'expr_up_acc_down']","[['up', 'down'], ['up', 'down'], ['up', 'down']]","['up/down , expr_up_acc_down', 'up/down , expr_up_acc_down', 'up/down , expr_up_acc_down']","['up/down', 'up/down', 'up/down']",0,0,0,0,0,0,0,3,0,conflict,late down,gradual down,late down & gradual down,late down & gradual down | conflict
NOXO1,-0.0291768614109665,0.568312556504933,-3.47457179660754,1.7363799999999996,2.000290000000001,0.8431300000000004,"['down', 'up', 'down']","['up', 'up', 'up']","['expr_down_acc_up', 'increase', 'expr_down_acc_up']","[['down', 'up'], ['up', 'up'], ['down', 'up']]","['down/up , expr_down_acc_up', 'up/up , increase', 'down/up , expr_down_acc_up']","['down/up', 'up/up', 'down/up']",1,0,0,0,0,0,0,0,2,conflict,late down,late down,late down & late down,late down & late down | conflict
GFER,0.955287620208141,0.967061611731496,1.09892839856693,3.3936,11.49811,-12.30459,"['up', 'up', 'up']","['up', 'up', 'down']","['increase', 'increase', 'expr_up_acc_down']","[['up', 'up'], ['up', 'up'], ['up', 'down']]","['up/up , increase', 'up/up , increase', 'up/down , expr_up_acc_down']","['up/up', 'up/up', 'up/down']",2,0,0,0,0,0,0,1,0,mixed,flat,late down,flat & late down,flat & late down | mixed
SYNGR3,0.919310980649262,0.0423655057722452,0.571398523989962,0.4834899999999997,0.7293700000000003,0.3444800000000003,"['up', 'up', 'up']","['up', 'up', 'up']","['increase', 'increase', 'increase']","[['up', 'up'], ['up', 'up'], ['up', 'up']]","['up/up , increase', 'up/up , increase', 'up/up , increase']","['up/up', 'up/up', 'up/up']",3,0,0,0,0,0,0,0,0,expr_acc_up,late up,flat,late up & flat,late up & flat | expr_acc_up
ZNF598,0.264509314510224,0.329275500051306,0.186624249639015,-0.47886,-0.9007300000000004,-1.25141,"['up', 'up', 'up']","['down', 'down', 'down']","['expr_up_acc_down', 'expr_up_acc_down', 'expr_up_acc_down']","[['up', 'down'], ['up', 'down'], ['up', 'down']]","['up/down , expr_up_acc_down', 'up/down , expr_up_acc_down', 'up/down , expr_up_acc_down']","['up/down', 'up/down', 'up/down']",0,0,0,0,0,0,0,3,0,conflict,late down,gradual down,late down & gradual down,late down & gradual down | conflict
NPW,0.395552304954687,1.50737585711279,0.513393977538619,0.1952399999999996,4.59924,-1.25141,"['up', 'up', 'up']","['up', 'up', 'down']","['increase', 'increase', 'expr_up_acc_down']","[['up', 'up'], ['up', 'up'], ['up', 'down']]","['up/up , increase', 'up/up , increase', 'up/down , expr_up_acc_down']","['up/up', 'up/up', 'up/down']",2,0,0,0,0,0,0,1,0,mixed,late down,late down,late down & late down,late down & late down | mixed
SLC9A3R2,1.97495299736227,2.73939775992175,3.28492746457328,0.00231,0.1850900000000002,-0.7708399999999997,"['up', 'up', 'up']","['flat', 'up', 'down']","['expr_only_up', 'increase', 'expr_up_acc_down']","[['up', 'flat'], ['up', 'up'], ['up', 'down']]","['up/flat , expr_only_up', 'up/up , increase', 'up/down , expr_up_acc_down']","['up/flat', 'up/up', 'up/down']",1,0,0,1,0,0,0,1,0,mixed,gradual up,flat,gradual up & flat,gradual up & flat | mixed
NTHL1,-0.445654762205189,-0.617090329055665,-2.57716211697336,18.012480000000004,12.22196,1.1695400000000005,"['down', 'down', 'down']","['up', 'up', 'up']","['expr_down_acc_up', 'expr_down_acc_up', 'expr_down_acc_up']","[['down', 'up'], ['down', 'up'], ['down', 'up']]","['down/up , expr_down_acc_up', 'down/up , expr_down_acc_up', 'down/up , expr_down_acc_up']","['down/up', 'down/up', 'down/up']",0,0,0,0,0,0,0,0,3,conflict,gradual down,gradual down,gradual down & gradual down,gradual down & gradual down | conflict
TSC2,1.77858626295596,2.01600405748103,2.69900774396858,4.451300000000003,-5.287499999999998,-11.32544,"['up', 'up', 'up']","['up', 'down', 'down']","['increase', 'expr_up_acc_down', 'expr_up_acc_down']","[['up', 'up'], ['up', 'down'], ['up', 'down']]","['up/up , increase', 'up/down , expr_up_acc_down', 'up/down , expr_up_acc_down']","['up/up', 'up/down', 'up/down']",1,0,0,0,0,0,0,2,0,conflict,gradual up,gradual down,gradual up & gradual down,gradual up & gradual down | conflict
PKD1,-0.748936646523441,-1.48533215589178,-2.04120696487082,3.08458,0.1252200000000005,-0.5985899999999997,"['down', 'down', 'down']","['up', 'flat', 'down']","['expr_down_acc_up', 'expr_only_down', 'decrease']","[['down', 'up'], ['down', 'flat'], ['down', 'down']]","['down/up , expr_down_acc_up', 'down/flat , expr_only_down', 'down/down , decrease']","['down/up', 'down/flat', 'down/down']",0,1,0,0,1,0,0,0,1,mixed,gradual down,gradual down,gradual down & gradual down,gradual down & gradual down | mixed
RAB26,1.03433186159732,-0.661132410512989,0.437799034507264,-1.4411999999999998,2.1798900000000003,-0.6166699999999996,"['up', 'down', 'up']","['down', 'up', 'down']","['expr_up_acc_down', 'expr_down_acc_up', 'expr_up_acc_down']","[['up', 'down'], ['down', 'up'], ['up', 'down']]","['up/down , expr_up_acc_down', 'down/up , expr_down_acc_up', 'up/down , expr_up_acc_down']","['up/down', 'down/up', 'up/down']",0,0,0,0,0,0,0,2,1,conflict,late up,late down,late up & late down,late up & late down | conflict
LOC103226649,0.123146946952761,1.36828778012063,1.7053284846654,-30.0672,-28.4111,-28.4996,"['up', 'up', 'up']","['down', 'down', 'down']","['expr_up_acc_down', 'expr_up_acc_down', 'expr_up_acc_down']","[['up', 'down'], ['up', 'down'], ['up', 'down']]","['up/down , expr_up_acc_down', 'up/down , expr_up_acc_down', 'up/down , expr_up_acc_down']","['up/down', 'up/down', 'up/down']",0,0,0,0,0,0,0,3,0,conflict,gradual up,flat,gradual up & flat,gradual up & flat | conflict
TRAF7,-0.156963537993803,-0.363012983670397,-0.0025841618913556,-30.0672,35.93106,17.6356,"['down', 'down', 'flat']","['down', 'up', 'up']","['decrease', 'expr_down_acc_up', 'acc_only_up']","[['down', 'down'], ['down', 'up'], ['flat', 'up']]","['down/down , decrease', 'down/up , expr_down_acc_up', 'flat/up , acc_only_up']","['down/down', 'down/up', 'flat/up']",0,1,0,0,0,1,0,0,1,mixed,late up,late down,late up & late down,late up & late down | mixed
CASKIN1,0.129511425148248,0.365637704297391,0.541429693749556,0.7740399999999994,1.0940700000000003,-1.5778199999999996,"['up', 'up', 'up']","['up', 'up', 'down']","['increase', 'increase', 'expr_up_acc_down']","[['up', 'up'], ['up', 'up'], ['up', 'down']]","['up/up , increase', 'up/up , increase', 'up/down , expr_up_acc_down']","['up/up', 'up/up', 'up/down']",2,0,0,0,0,0,0,1,0,mixed,gradual up,late down,gradual up & late down,gradual up & late down | mixed
MLST8,-0.419827697647216,-0.0526747160942573,-0.141158759006028,-3.844780000000001,2.6099499999999995,-2.21256,"['down', 'down', 'down']","['down', 'up', 'down']","['decrease', 'expr_down_acc_up', 'decrease']","[['down', 'down'], ['down', 'up'], ['down', 'down']]","['down/down , decrease', 'down/up , expr_down_acc_up', 'down/down , decrease']","['down/down', 'down/up', 'down/down']",0,2,0,0,0,0,0,0,1,mixed,late down,late down,late down & late down,late down & late down | mixed
PGP,-0.66755742289202,-0.0133279389253714,-0.288150773239199,0.5834200000000003,-0.9007300000000004,-2.05839,"['down', 'down', 'down']","['up', 'down', 'down']","['expr_down_acc_up', 'decrease', 'decrease']","[['down', 'up'], ['down', 'down'], ['down', 'down']]","['down/up , expr_down_acc_up', 'down/down , decrease', 'down/down , decrease']","['down/up', 'down/down', 'down/down']",0,2,0,0,0,0,0,0,1,mixed,late down,gradual down,late down & gradual down,late down & gradual down | mixed
E4F1,0.691284026408713,0.625509841274728,0.817540033785406,2.452100000000001,9.242400000000004,-7.834900000000001,"['up', 'up', 'up']","['up', 'up', 'down']","['increase', 'increase', 'expr_up_acc_down']","[['up', 'up'], ['up', 'up'], ['up', 'down']]","['up/up , increase', 'up/up , increase', 'up/down , expr_up_acc_down']","['up/up', 'up/up', 'up/down']",2,0,0,0,0,0,0,1,0,mixed,late up,late down,late up & late down,late up & late down | mixed
DNASE1L2,3.16655863875513,1.79198333629088,3.40460303665328,-0.38124,3.69302,0.0361500000000001,"['up', 'up', 'up']","['down', 'up', 'flat']","['expr_up_acc_down', 'increase', 'expr_only_up']","[['up', 'down'], ['up', 'up'], ['up', 'flat']]","['up/down , expr_up_acc_down', 'up/up , increase', 'up/flat , expr_only_up']","['up/down', 'up/up', 'up/flat']",1,0,0,1,0,0,0,1,0,mixed,late up,late down,late up & late down,late up & late down | mixed
ECI1,0.103564592178333,-0.0636433793001478,-0.0074832537659657,-24.82559,2.06016,4.551640000000001,"['up', 'down', 'down']","['down', 'up', 'up']","['expr_up_acc_down', 'expr_down_acc_up', 'expr_down_acc_up']","[['up', 'down'], ['down', 'up'], ['down', 'up']]","['up/down , expr_up_acc_down', 'down/up , expr_down_acc_up', 'down/up , expr_down_acc_up']","['up/down', 'down/up', 'down/up']",0,0,0,0,0,0,0,1,2,conflict,late up,gradual up,late up & gradual up,late up & gradual up | conflict
RNPS1,-0.0688633391381172,0.0203225271006996,-0.0874487613055501,-0.47886,1.2138,6.16563,"['down', 'up', 'down']","['down', 'up', 'up']","['decrease', 'increase', 'expr_down_acc_up']","[['down', 'down'], ['up', 'up'], ['down', 'up']]","['down/down , decrease', 'up/up , increase', 'down/up , expr_down_acc_up']","['down/down', 'up/up', 'down/up']",1,1,0,0,0,0,0,0,1,mixed,late down,gradual up,late down & gradual up,late down & gradual up | mixed
ABCA3,-0.0494147101918629,-0.469324070442004,-0.910938341813369,2.21755,0.0054999999999996,1.47788,"['down', 'down', 'down']","['up', 'flat', 'up']","['expr_down_acc_up', 'expr_only_down', 'expr_down_acc_up']","[['down', 'up'], ['down', 'flat'], ['down', 'up']]","['down/up , expr_down_acc_up', 'down/flat , expr_only_down', 'down/up , expr_down_acc_up']","['down/up', 'down/flat', 'down/up']",0,0,0,0,1,0,0,0,2,conflict,gradual down,late up,gradual down & late up,gradual down & late up | conflict
LOC103226794,-1.44190599163245,-2.65367850505876,-2.78990946687842,-0.8624099999999997,-0.5387899999999997,-0.2902599999999999,"['down', 'down', 'down']","['down', 'down', 'down']","['decrease', 'decrease', 'decrease']","[['down', 'down'], ['down', 'down'], ['down', 'down']]","['down/down , decrease', 'down/down , decrease', 'down/down , decrease']","['down/down', 'down/down', 'down/down']",0,3,0,0,0,0,0,0,0,expr_acc_down,gradual down,flat,gradual down & flat,gradual down & flat | expr_acc_down
LOC103231695,-0.507532278436541,-0.65617079274986,-0.88784895856658,8.677299999999999,1.5158799999999997,-6.67385,"['down', 'down', 'down']","['up', 'up', 'down']","['expr_down_acc_up', 'expr_down_acc_up', 'decrease']","[['down', 'up'], ['down', 'up'], ['down', 'down']]","['down/up , expr_down_acc_up', 'down/up , expr_down_acc_up', 'down/down , decrease']","['down/up', 'down/up', 'down/down']",0,1,0,0,0,0,0,0,2,conflict,gradual down,gradual down,gradual down & gradual down,gradual down & gradual down | conflict
LOC103226781,1.24497356856047,0.604668165981789,0.623949653919774,-9.400400000000005,-1.0232100000000002,-15.63249,"['up', 'up', 'up']","['down', 'down', 'down']","['expr_up_acc_down', 'expr_up_acc_down', 'expr_up_acc_down']","[['up', 'down'], ['up', 'down'], ['up', 'down']]","['up/down , expr_up_acc_down', 'up/down , expr_up_acc_down', 'up/down , expr_up_acc_down']","['up/down', 'up/down', 'up/down']",0,0,0,0,0,0,0,3,0,conflict,late up,late down,late up & late down,late up & late down | conflict
C5H16orf59,0.110200084885346,0.0379003770118473,0.110691417308262,-9.400400000000005,-26.63706,-15.63249,"['up', 'up', 'up']","['down', 'down', 'down']","['expr_up_acc_down', 'expr_up_acc_down', 'expr_up_acc_down']","[['up', 'down'], ['up', 'down'], ['up', 'down']]","['up/down , expr_up_acc_down', 'up/down , expr_up_acc_down', 'up/down , expr_up_acc_down']","['up/down', 'up/down', 'up/down']",0,0,0,0,0,0,0,3,0,conflict,late up,late up,late up & late up,late up & late up | conflict
NTN3,2.85773356294798,1.01334548590555,0.763914493924004,0.3881699999999997,0.1252200000000005,0.1903100000000002,"['up', 'up', 'up']","['up', 'flat', 'up']","['increase', 'expr_only_up', 'increase']","[['up', 'up'], ['up', 'flat'], ['up', 'up']]","['up/up , increase', 'up/flat , expr_only_up', 'up/up , increase']","['up/up', 'up/flat', 'up/up']",2,0,0,1,0,0,0,0,0,mixed,gradual down,flat,gradual down & flat,gradual down & flat | mixed
LOC103226831,-0.342194924883161,-0.460529368711041,-0.0452668335782344,7.80557,1.9431700000000005,-0.44442,"['down', 'down', 'down']","['up', 'up', 'down']","['expr_down_acc_up', 'expr_down_acc_up', 'decrease']","[['down', 'up'], ['down', 'up'], ['down', 'down']]","['down/up , expr_down_acc_up', 'down/up , expr_down_acc_up', 'down/down , decrease']","['down/up', 'down/up', 'down/down']",0,1,0,0,0,0,0,0,2,conflict,late up,gradual down,late up & gradual down,late up & gradual down | conflict
AMDHD2,0.444360602845269,-0.0700189437183117,0.776394236841604,9.34439,1.3362699999999998,1.82236,"['up', 'down', 'up']","['up', 'up', 'up']","['increase', 'expr_down_acc_up', 'increase']","[['up', 'up'], ['down', 'up'], ['up', 'up']]","['up/up , increase', 'down/up , expr_down_acc_up', 'up/up , increase']","['up/up', 'down/up', 'up/up']",2,0,0,0,0,0,0,0,1,mixed,late up,late up,late up & late up,late up & late up | mixed
CEMP1,0.0,-0.814513108826019,0.0,-0.1882999999999999,2.06016,-0.1180199999999995,"['flat', 'down', 'flat']","['down', 'up', 'flat']","['acc_only_down', 'expr_down_acc_up', 'neutral']","[['flat', 'down'], ['down', 'up'], ['flat', 'flat']]","['flat/down , acc_only_down', 'down/up , expr_down_acc_up', 'flat/flat , neutral']","['flat/down', 'down/up', 'flat/flat']",0,0,1,0,0,0,1,0,1,stable,late up,late down,late up & late down,late up & late down | stable
LOC103226859,-0.611241112164617,-1.71513269721528,-1.22438394337805,0.7740399999999994,1.81795,0.0361500000000001,"['down', 'down', 'down']","['up', 'up', 'flat']","['expr_down_acc_up', 'expr_down_acc_up', 'expr_only_down']","[['down', 'up'], ['down', 'up'], ['down', 'flat']]","['down/up , expr_down_acc_up', 'down/up , expr_down_acc_up', 'down/flat , expr_only_down']","['down/up', 'down/up', 'down/flat']",0,0,0,0,1,0,0,0,2,conflict,late up,late down,late up & late down,late up & late down | conflict
KCTD5,-0.530943667932793,-0.699201727072977,-0.912817662792125,2.9986,-2.587959999999999,0.707040000000001,"['down', 'down', 'down']","['up', 'down', 'up']","['expr_down_acc_up', 'decrease', 'expr_down_acc_up']","[['down', 'up'], ['down', 'down'], ['down', 'up']]","['down/up , expr_down_acc_up', 'down/down , decrease', 'down/up , expr_down_acc_up']","['down/up', 'down/down', 'down/up']",0,1,0,0,0,0,0,0,2,conflict,gradual down,late up,gradual down & late up,gradual down & late up | conflict
LOC103226895,-0.925583886306,-2.81291170315215,-1.7751337952065,-1.9223700000000004,1.5158799999999997,-0.1180199999999995,"['down', 'down', 'down']","['down', 'up', 'flat']","['decrease', 'expr_down_acc_up', 'expr_only_down']","[['down', 'down'], ['down', 'up'], ['down', 'flat']]","['down/down , decrease', 'down/up , expr_down_acc_up', 'down/flat , expr_only_down']","['down/down', 'down/up', 'down/flat']",0,1,0,0,1,0,0,0,1,mixed,late up,late down,late up & late down,late up & late down | mixed
PRSS21,2.44023212393235,0.723551137408531,1.2546246916032,0.6764099999999997,-0.4190599999999995,0.9973,"['up', 'up', 'up']","['up', 'down', 'up']","['increase', 'expr_up_acc_down', 'increase']","[['up', 'up'], ['up', 'down'], ['up', 'up']]","['up/up , increase', 'up/down , expr_up_acc_down', 'up/up , increase']","['up/up', 'up/down', 'up/up']",2,0,0,0,0,0,0,1,0,mixed,late up,late up,late up & late up,late up & late up | mixed
PRSS41,0.855634246388136,0.218389164368509,0.400910916253645,0.5811000000000002,-14.25196,-6.2113000000000005,"['up', 'up', 'up']","['up', 'down', 'down']","['increase', 'expr_up_acc_down', 'expr_up_acc_down']","[['up', 'up'], ['up', 'down'], ['up', 'down']]","['up/up , increase', 'up/down , expr_up_acc_down', 'up/down , expr_up_acc_down']","['up/up', 'up/down', 'up/down']",1,0,0,0,0,0,0,2,0,conflict,late up,late up,late up & late up,late up & late up | conflict
TCEB2,-0.457181482857285,-0.565261668629434,-1.20794701215309,0.8716599999999994,-0.4163099999999993,-2.5389699999999995,"['down', 'down', 'down']","['up', 'down', 'down']","['expr_down_acc_up', 'decrease', 'decrease']","[['down', 'up'], ['down', 'down'], ['down', 'down']]","['down/up , expr_down_acc_up', 'down/down , decrease', 'down/down , decrease']","['down/up', 'down/down', 'down/down']",0,2,0,0,0,0,0,0,1,mixed,gradual down,gradual down,gradual down & gradual down,gradual down & gradual down | mixed
SRRM2,0.768158909505887,0.565217001850571,0.769627363697675,2.89165,3.14873,-0.44442,"['up', 'up', 'up']","['up', 'up', 'down']","['increase', 'increase', 'expr_up_acc_down']","[['up', 'up'], ['up', 'up'], ['up', 'down']]","['up/up , increase', 'up/up , increase', 'up/down , expr_up_acc_down']","['up/up', 'up/up', 'up/down']",2,0,0,0,0,0,0,1,0,mixed,late up,late down,late up & late down,late up & late down | mixed
FLYWCH2,-0.245435507423901,-0.637117505707429,-1.52509364971376,-69.66979,-0.4190599999999995,-33.5499,"['down', 'down', 'down']","['down', 'down', 'down']","['decrease', 'decrease', 'decrease']","[['down', 'down'], ['down', 'down'], ['down', 'down']]","['down/down , decrease', 'down/down , decrease', 'down/down , decrease']","['down/down', 'down/down', 'down/down']",0,3,0,0,0,0,0,0,0,expr_acc_down,gradual down,late down,gradual down & late down,gradual down & late down | expr_acc_down
FLYWCH1,-0.052428348328761,-0.001283250241494,0.111650418882493,7.71026,3.63588,-2.5389699999999995,"['down', 'flat', 'up']","['up', 'up', 'down']","['expr_down_acc_up', 'acc_only_up', 'expr_up_acc_down']","[['down', 'up'], ['flat', 'up'], ['up', 'down']]","['down/up , expr_down_acc_up', 'flat/up , acc_only_up', 'up/down , expr_up_acc_down']","['down/up', 'flat/up', 'up/down']",0,0,0,0,0,1,0,1,1,conflict,gradual up,gradual down,gradual up & gradual down,gradual up & gradual down | conflict
KREMEN2,-0.629605725393862,3.42217844314407,1.38069829269181,-4.999980000000001,0.6695100000000007,1.6501100000000006,"['down', 'up', 'up']","['down', 'up', 'up']","['decrease', 'increase', 'increase']","[['down', 'down'], ['up', 'up'], ['up', 'up']]","['down/down , decrease', 'up/up , increase', 'up/up , increase']","['down/down', 'up/up', 'up/up']",2,1,0,0,0,0,0,0,0,mixed,late down,gradual up,late down & gradual up,late down & gradual up | mixed
PAQR4,-0.323221176826433,-0.996892075969737,-1.50469594704298,-13.8424,-1.6246100000000006,-21.07301,"['down', 'down', 'down']","['down', 'down', 'down']","['decrease', 'decrease', 'decrease']","[['down', 'down'], ['down', 'down'], ['down', 'down']]","['down/down , decrease', 'down/down , decrease', 'down/down , decrease']","['down/down', 'down/down', 'down/down']",0,3,0,0,0,0,0,0,0,expr_acc_down,gradual down,late down,gradual down & late down,gradual down & late down | expr_acc_down
PKMYT1,0.218718383048108,0.526903181866182,0.188977169129761,0.3881699999999997,1.2736600000000005,0.6889600000000007,"['up', 'up', 'up']","['up', 'up', 'up']","['increase', 'increase', 'increase']","[['up', 'up'], ['up', 'up'], ['up', 'up']]","['up/up , increase', 'up/up , increase', 'up/up , increase']","['up/up', 'up/up', 'up/up']",3,0,0,0,0,0,0,0,0,expr_acc_up,late down,late down,late down & late down,late down & late down | expr_acc_up
LOC103227069,0.898874374218682,-0.27738535940698,1.69686917822602,1.1575899999999997,2.06016,2.6112600000000006,"['up', 'down', 'up']","['up', 'up', 'up']","['increase', 'expr_down_acc_up', 'increase']","[['up', 'up'], ['down', 'up'], ['up', 'up']]","['up/up , increase', 'down/up , expr_down_acc_up', 'up/up , increase']","['up/up', 'down/up', 'up/up']",2,0,0,0,0,0,0,0,1,mixed,late up,gradual up,late up & gradual up,late up & gradual up | mixed
CLDN9,-1.9015616661161,0.0,0.0,0.4858000000000002,1.09132,1.1514600000000002,"['down', 'flat', 'flat']","['up', 'up', 'up']","['expr_down_acc_up', 'acc_only_up', 'acc_only_up']","[['down', 'up'], ['flat', 'up'], ['flat', 'up']]","['down/up , expr_down_acc_up', 'flat/up , acc_only_up', 'flat/up , acc_only_up']","['down/up', 'flat/up', 'flat/up']",0,0,0,0,0,2,0,0,1,accessibility_only,flat,flat,flat & flat,flat & flat | accessibility_only
CLDN6,2.52297000553799,-0.667277449356413,-0.476270578768794,1.83169,1.5158799999999997,0.5167299999999999,"['up', 'down', 'down']","['up', 'up', 'up']","['increase', 'expr_down_acc_up', 'expr_down_acc_up']","[['up', 'up'], ['down', 'up'], ['down', 'up']]","['up/up , increase', 'down/up , expr_down_acc_up', 'down/up , expr_down_acc_up']","['up/up', 'down/up', 'down/up']",1,0,0,0,0,0,0,0,2,conflict,late up,gradual down,late up & gradual down,late up & gradual down | conflict
TNFRSF12A,0.274301859004531,0.580378821501587,0.683416817513371,5.20679,-2.5308399999999995,8.27823,"['up', 'up', 'up']","['up', 'down', 'up']","['increase', 'expr_up_acc_down', 'increase']","[['up', 'up'], ['up', 'down'], ['up', 'up']]","['up/up , increase', 'up/down , expr_up_acc_down', 'up/up , increase']","['up/up', 'up/down', 'up/up']",2,0,0,0,0,0,0,1,0,mixed,gradual up,late up,gradual up & late up,gradual up & late up | mixed
HCFC1R1,-1.06055611884874,-1.95316358160505,-3.94155423343244,5.20679,-2.5308399999999995,1.0153800000000004,"['down', 'down', 'down']","['up', 'down', 'up']","['expr_down_acc_up', 'decrease', 'expr_down_acc_up']","[['down', 'up'], ['down', 'down'], ['down', 'up']]","['down/up , expr_down_acc_up', 'down/down , decrease', 'down/up , expr_down_acc_up']","['down/up', 'down/down', 'down/up']",0,1,0,0,0,0,0,0,2,conflict,gradual down,late up,gradual down & late up,gradual down & late up | conflict
THOC6,1.65765766777587,1.85385483156197,2.36634696668776,-3.2682600000000006,-1.98656,1.0153800000000004,"['up', 'up', 'up']","['down', 'down', 'up']","['expr_up_acc_down', 'expr_up_acc_down', 'increase']","[['up', 'down'], ['up', 'down'], ['up', 'up']]","['up/down , expr_up_acc_down', 'up/down , expr_up_acc_down', 'up/up , increase']","['up/down', 'up/down', 'up/up']",1,0,0,0,0,0,0,2,0,conflict,gradual up,gradual up,gradual up & gradual up,gradual up & gradual up | conflict
LOC103227170,0.0,0.0,2.40178883633417,1.35051,-0.5986500000000001,0.3625600000000002,"['flat', 'flat', 'up']","['up', 'down', 'up']","['acc_only_up', 'acc_only_down', 'increase']","[['flat', 'up'], ['flat', 'down'], ['up', 'up']]","['flat/up , acc_only_up', 'flat/down , acc_only_down', 'up/up , increase']","['flat/up', 'flat/down', 'up/up']",1,0,0,0,0,1,1,0,0,mixed,flat,late up,flat & late up,flat & late up | mixed
MMP25,8.75081106678481,7.65333864198843,7.3972951306334,1.54344,2.6044500000000004,-0.1360899999999998,"['up', 'up', 'up']","['up', 'up', 'flat']","['increase', 'increase', 'expr_only_up']","[['up', 'up'], ['up', 'up'], ['up', 'flat']]","['up/up , increase', 'up/up , increase', 'up/flat , expr_only_up']","['up/up', 'up/up', 'up/flat']",2,0,0,1,0,0,0,0,0,mixed,gradual down,late down,gradual down & late down,gradual down & late down | mixed
ZSCAN10,-0.262638730970372,-0.488176691096403,-2.20594227522646,0.6764099999999997,-1.7470999999999997,-2.05839,"['down', 'down', 'down']","['up', 'down', 'down']","['expr_down_acc_up', 'decrease', 'decrease']","[['down', 'up'], ['down', 'down'], ['down', 'down']]","['down/up , expr_down_acc_up', 'down/down , decrease', 'down/down , decrease']","['down/up', 'down/down', 'down/down']",0,2,0,0,0,0,0,0,1,mixed,gradual down,gradual down,gradual down & gradual down,gradual down & gradual down | mixed
ZNF205,-0.601242580514953,1.67135909373961,3.0036003263423,3.08458,4.84145,-2.05839,"['down', 'up', 'up']","['up', 'up', 'down']","['expr_down_acc_up', 'increase', 'expr_up_acc_down']","[['down', 'up'], ['up', 'up'], ['up', 'down']]","['down/up , expr_down_acc_up', 'up/up , increase', 'up/down , expr_up_acc_down']","['down/up', 'up/up', 'up/down']",1,0,0,0,0,0,0,1,1,conflict,gradual up,late down,gradual up & late down,gradual up & late down | conflict
LOC103227183,2.0353100984807,-0.235720726542661,-0.0446115663309788,4.91395,1.81795,0.67089,"['up', 'down', 'down']","['up', 'up', 'up']","['increase', 'expr_down_acc_up', 'expr_down_acc_up']","[['up', 'up'], ['down', 'up'], ['down', 'up']]","['up/up , increase', 'down/up , expr_down_acc_up', 'down/up , expr_down_acc_up']","['up/up', 'down/up', 'down/up']",1,0,0,0,0,0,0,0,2,conflict,late up,gradual down,late up & gradual down,late up & gradual down | conflict
ZNF213,-0.962436383905442,-1.11732251650644,-1.91417743330305,-11.924699999999998,-0.23672,1.0153800000000004,"['down', 'down', 'down']","['down', 'down', 'up']","['decrease', 'decrease', 'expr_down_acc_up']","[['down', 'down'], ['down', 'down'], ['down', 'up']]","['down/down , decrease', 'down/down , decrease', 'down/up , expr_down_acc_up']","['down/down', 'down/down', 'down/up']",0,2,0,0,0,0,0,0,1,mixed,gradual down,gradual up,gradual down & gradual up,gradual down & gradual up | mixed
LOC103227244,-0.381476722551088,-0.621892737951415,-0.237349055675035,0.1952399999999996,0.4273000000000002,-0.6166699999999996,"['down', 'down', 'down']","['up', 'up', 'down']","['expr_down_acc_up', 'expr_down_acc_up', 'decrease']","[['down', 'up'], ['down', 'up'], ['down', 'down']]","['down/up , expr_down_acc_up', 'down/up , expr_down_acc_up', 'down/down , decrease']","['down/up', 'down/up', 'down/down']",0,1,0,0,0,0,0,0,2,conflict,late up,flat,late up & flat,late up & flat | conflict
LOC103227234,0.0,2.73575422140568,0.0,1.352829999999999,-0.0571200000000002,0.3444800000000003,"['flat', 'up', 'flat']","['up', 'flat', 'up']","['acc_only_up', 'expr_only_up', 'acc_only_up']","[['flat', 'up'], ['up', 'flat'], ['flat', 'up']]","['flat/up , acc_only_up', 'up/flat , expr_only_up', 'flat/up , acc_only_up']","['flat/up', 'up/flat', 'flat/up']",0,0,0,1,0,2,0,0,0,accessibility_only,late down,late up,late down & late up,late down & late up | accessibility_only
TRNAR-CCG,3.33481343434587,2.34866187044293,2.54196507948637,1.352829999999999,1.81795,1.0153800000000004,"['up', 'up', 'up']","['up', 'up', 'up']","['increase', 'increase', 'increase']","[['up', 'up'], ['up', 'up'], ['up', 'up']]","['up/up , increase', 'up/up , increase', 'up/up , increase']","['up/up', 'up/up', 'up/up']",3,0,0,0,0,0,0,0,0,expr_acc_up,late up,late down,late up & late down,late up & late down | expr_acc_up
TRNAR-CCU,1.37713013022667,0.279368121851572,1.21442700203718,1.352829999999999,-0.2965800000000005,1.82236,"['up', 'up', 'up']","['up', 'down', 'up']","['increase', 'expr_up_acc_down', 'increase']","[['up', 'up'], ['up', 'down'], ['up', 'up']]","['up/up , increase', 'up/down , expr_up_acc_down', 'up/up , increase']","['up/up', 'up/down', 'up/up']",2,0,0,0,0,0,0,1,0,mixed,late up,late up,late up & late up,late up & late up | mixed
TRNAK-CUU,0.826756871181011,4.95395143109389,2.54532798574483,-7.01998,-0.0543699999999995,1.1695400000000005,"['up', 'up', 'up']","['down', 'flat', 'up']","['expr_up_acc_down', 'expr_only_up', 'increase']","[['up', 'down'], ['up', 'flat'], ['up', 'up']]","['up/down , expr_up_acc_down', 'up/flat , expr_only_up', 'up/up , increase']","['up/down', 'up/flat', 'up/up']",1,0,0,1,0,0,0,1,0,mixed,late down,gradual up,late down & gradual up,late down & gradual up | mixed
TRNAP-UGG,2.95903643317473,3.05707455947107,5.20870019062401,2.12224,0.2477,-7.000239999999999,"['up', 'up', 'up']","['up', 'up', 'down']","['increase', 'increase', 'expr_up_acc_down']","[['up', 'up'], ['up', 'up'], ['up', 'down']]","['up/up , increase', 'up/up , increase', 'up/down , expr_up_acc_down']","['up/up', 'up/up', 'up/down']",2,0,0,0,0,0,0,1,0,mixed,gradual up,gradual down,gradual up & gradual down,gradual up & gradual down | mixed
LOC103227288,-0.0177309546159355,1.70945995932522,1.69805082533335,-0.1721000000000003,-5.6005,-10.98091,"['down', 'up', 'up']","['flat', 'down', 'down']","['expr_only_down', 'expr_up_acc_down', 'expr_up_acc_down']","[['down', 'flat'], ['up', 'down'], ['up', 'down']]","['down/flat , expr_only_down', 'up/down , expr_up_acc_down', 'up/down , expr_up_acc_down']","['down/flat', 'up/down', 'up/down']",0,0,0,0,1,0,0,2,0,conflict,flat,gradual down,flat & gradual down,flat & gradual down | conflict
MEFV,0.294047690569984,-0.379397737967603,-0.874574390990246,0.3904899999999989,0.2477,2.28486,"['up', 'down', 'down']","['up', 'up', 'up']","['increase', 'expr_down_acc_up', 'expr_down_acc_up']","[['up', 'up'], ['down', 'up'], ['down', 'up']]","['up/up , increase', 'down/up , expr_down_acc_up', 'down/up , expr_down_acc_up']","['up/up', 'down/up', 'down/up']",1,0,0,0,0,0,0,0,2,conflict,gradual down,flat,gradual down & flat,gradual down & flat | conflict
ZNF263,0.861634940075933,0.192980147964956,0.383689962872614,-2.394300000000001,-3.559549999999999,-12.44075,"['up', 'up', 'up']","['down', 'down', 'down']","['expr_up_acc_down', 'expr_up_acc_down', 'expr_up_acc_down']","[['up', 'down'], ['up', 'down'], ['up', 'down']]","['up/down , expr_up_acc_down', 'up/down , expr_up_acc_down', 'up/down , expr_up_acc_down']","['up/down', 'up/down', 'up/down']",0,0,0,0,0,0,0,3,0,conflict,late up,gradual down,late up & gradual down,late up & gradual down | conflict
TIGD7,-0.636073279360357,-1.06430293861464,-0.728046244952685,-3.538000000000004,-5.178599999999999,-18.68815,"['down', 'down', 'down']","['down', 'down', 'down']","['decrease', 'decrease', 'decrease']","[['down', 'down'], ['down', 'down'], ['down', 'down']]","['down/down , decrease', 'down/down , decrease', 'down/down , decrease']","['down/down', 'down/down', 'down/down']",0,3,0,0,0,0,0,0,0,expr_acc_down,late up,gradual down,late up & gradual down,late up & gradual down | expr_acc_down
LOC103227384,0.469974723804031,0.519647891419833,0.799749958280709,-3.538000000000004,-5.178599999999999,-18.68815,"['up', 'up', 'up']","['down', 'down', 'down']","['expr_up_acc_down', 'expr_up_acc_down', 'expr_up_acc_down']","[['up', 'down'], ['up', 'down'], ['up', 'down']]","['up/down , expr_up_acc_down', 'up/down , expr_up_acc_down', 'up/down , expr_up_acc_down']","['up/down', 'up/down', 'up/down']",0,0,0,0,0,0,0,3,0,conflict,gradual up,gradual down,gradual up & gradual down,gradual up & gradual down | conflict
ZSCAN32,0.347072096510378,0.835534615684294,0.762838188807699,-5.955500000000001,-6.090399999999999,-6.86417,"['up', 'up', 'up']","['down', 'down', 'down']","['expr_up_acc_down', 'expr_up_acc_down', 'expr_up_acc_down']","[['up', 'down'], ['up', 'down'], ['up', 'down']]","['up/down , expr_up_acc_down', 'up/down , expr_up_acc_down', 'up/down , expr_up_acc_down']","['up/down', 'up/down', 'up/down']",0,0,0,0,0,0,0,3,0,conflict,late down,flat,late down & flat,late down & flat | conflict
ZNF174,0.169188367699584,-0.0132701555483752,0.744330954038331,-7.461799999999997,-28.000300000000003,-29.2066,"['up', 'down', 'up']","['down', 'down', 'down']","['expr_up_acc_down', 'decrease', 'expr_up_acc_down']","[['up', 'down'], ['down', 'down'], ['up', 'down']]","['up/down , expr_up_acc_down', 'down/down , decrease', 'up/down , expr_up_acc_down']","['up/down', 'down/down', 'up/down']",0,1,0,0,0,0,0,2,0,conflict,late up,gradual down,late up & gradual down,late up & gradual down | conflict
ZNF597,1.02757956498894,1.57713871693701,1.41642661785745,-5.955500000000001,2.3023700000000007,-3.17371,"['up', 'up', 'up']","['down', 'up', 'down']","['expr_up_acc_down', 'increase', 'expr_up_acc_down']","[['up', 'down'], ['up', 'up'], ['up', 'down']]","['up/down , expr_up_acc_down', 'up/up , increase', 'up/down , expr_up_acc_down']","['up/down', 'up/up', 'up/down']",1,0,0,0,0,0,0,2,0,conflict,late down,late down,late down & late down,late down & late down | conflict
NAA60,-0.483065066607924,-0.228866455926101,-0.1245567696939,-5.955500000000001,2.3023700000000007,-2.36672,"['down', 'down', 'down']","['down', 'up', 'down']","['decrease', 'expr_down_acc_up', 'decrease']","[['down', 'down'], ['down', 'up'], ['down', 'down']]","['down/down , decrease', 'down/up , expr_down_acc_up', 'down/down , decrease']","['down/down', 'down/up', 'down/down']",0,2,0,0,0,0,0,0,1,mixed,gradual up,late down,gradual up & late down,gradual up & late down | mixed
C5H16orf90,0.676753251344636,0.0,0.0,1.54344,0.9715900000000004,-1.25141,"['up', 'flat', 'flat']","['up', 'up', 'down']","['increase', 'acc_only_up', 'acc_only_down']","[['up', 'up'], ['flat', 'up'], ['flat', 'down']]","['up/up , increase', 'flat/up , acc_only_up', 'flat/down , acc_only_down']","['up/up', 'flat/up', 'flat/down']",1,0,0,0,0,1,1,0,0,mixed,flat,gradual down,flat & gradual down,flat & gradual down | mixed
CLUAP1,-0.707732218722977,-0.926402507014975,-0.966101444042598,-2.0153800000000004,-0.6585299999999998,0.3625600000000002,"['down', 'down', 'down']","['down', 'down', 'up']","['decrease', 'decrease', 'expr_down_acc_up']","[['down', 'down'], ['down', 'down'], ['down', 'up']]","['down/down , decrease', 'down/down , decrease', 'down/up , expr_down_acc_up']","['down/down', 'down/down', 'down/up']",0,2,0,0,0,0,0,0,1,mixed,gradual down,gradual up,gradual down & gradual up,gradual down & gradual up | mixed
NLRC3,-0.43891051632215,-0.163187342293347,0.116157380573901,1.35051,2.1798900000000003,-1.5778199999999996,"['down', 'down', 'up']","['up', 'up', 'down']","['expr_down_acc_up', 'expr_down_acc_up', 'expr_up_acc_down']","[['down', 'up'], ['down', 'up'], ['up', 'down']]","['down/up , expr_down_acc_up', 'down/up , expr_down_acc_up', 'up/down , expr_up_acc_down']","['down/up', 'down/up', 'up/down']",0,0,0,0,0,0,0,1,2,conflict,gradual up,late down,gradual up & late down,gradual up & late down | conflict
LOC103227537,1.64104786059463,-1.25865789144322,-0.117814739865444,1.35051,2.1798900000000003,-1.5778199999999996,"['up', 'down', 'down']","['up', 'up', 'down']","['increase', 'expr_down_acc_up', 'decrease']","[['up', 'up'], ['down', 'up'], ['down', 'down']]","['up/up , increase', 'down/up , expr_down_acc_up', 'down/down , decrease']","['up/up', 'down/up', 'down/down']",1,1,0,0,0,0,0,0,1,mixed,late up,late down,late up & late down,late up & late down | mixed
LOC103231766,1.53591807838067,1.43244425202582,2.50030417911436,0.4834899999999997,1.81795,-1.0972399999999998,"['up', 'up', 'up']","['up', 'up', 'down']","['increase', 'increase', 'expr_up_acc_down']","[['up', 'up'], ['up', 'up'], ['up', 'down']]","['up/up , increase', 'up/up , increase', 'up/down , expr_up_acc_down']","['up/up', 'up/up', 'up/down']",2,0,0,0,0,0,0,1,0,mixed,late up,late down,late up & late down,late up & late down | mixed
DNASE1,0.629991862839137,0.0245442444238416,0.0373966533665355,-8.6542,-0.5387899999999997,-4.42507,"['up', 'up', 'up']","['down', 'down', 'down']","['expr_up_acc_down', 'expr_up_acc_down', 'expr_up_acc_down']","[['up', 'down'], ['up', 'down'], ['up', 'down']]","['up/down , expr_up_acc_down', 'up/down , expr_up_acc_down', 'up/down , expr_up_acc_down']","['up/down', 'up/down', 'up/down']",0,0,0,0,0,0,0,3,0,conflict,flat,late down,flat & late down,flat & late down | conflict
TRAP1,-0.0968316575881048,-0.15319019710475,-0.540207003099121,0.8693399999999998,2.3622300000000003,1.95845,"['down', 'down', 'down']","['up', 'up', 'up']","['expr_down_acc_up', 'expr_down_acc_up', 'expr_down_acc_up']","[['down', 'up'], ['down', 'up'], ['down', 'up']]","['down/up , expr_down_acc_up', 'down/up , expr_down_acc_up', 'down/up , expr_down_acc_up']","['down/up', 'down/up', 'down/up']",0,0,0,0,0,0,0,0,3,conflict,gradual down,late down,gradual down & late down,gradual down & late down | conflict
CREBBP,0.025527595631153,0.325377188273055,0.546215912522566,1.1575899999999997,0.1850900000000002,0.3444800000000003,"['up', 'up', 'up']","['up', 'up', 'up']","['increase', 'increase', 'increase']","[['up', 'up'], ['up', 'up'], ['up', 'up']]","['up/up , increase', 'up/up , increase', 'up/up , increase']","['up/up', 'up/up', 'up/up']",3,0,0,0,0,0,0,0,0,expr_acc_up,gradual up,flat,gradual up & flat,gradual up & flat | expr_acc_up
ADCY9,-0.237613936677977,-0.181680364270253,-0.343491125732756,-43.49368,0.6695100000000007,1.6501100000000006,"['down', 'down', 'down']","['down', 'up', 'up']","['decrease', 'expr_down_acc_up', 'expr_down_acc_up']","[['down', 'down'], ['down', 'up'], ['down', 'up']]","['down/down , decrease', 'down/up , expr_down_acc_up', 'down/up , expr_down_acc_up']","['down/down', 'down/up', 'down/up']",0,1,0,0,0,0,0,0,2,conflict,late down,gradual up,late down & gradual up,late down & gradual up | conflict
LOC103227589,1.41690751965981,0.578110710199418,0.558997732577496,9.24678,4.17743,3.5724100000000005,"['up', 'up', 'up']","['up', 'up', 'up']","['increase', 'increase', 'increase']","[['up', 'up'], ['up', 'up'], ['up', 'up']]","['up/up , increase', 'up/up , increase', 'up/up , increase']","['up/up', 'up/up', 'up/up']",3,0,0,0,0,0,0,0,0,expr_acc_up,flat,gradual down,flat & gradual down,flat & gradual down | expr_acc_up
SRL,1.25796733904479,1.03445845944887,0.92075812698528,-13.173000000000002,1.81795,-1.88615,"['up', 'up', 'up']","['down', 'up', 'down']","['expr_up_acc_down', 'increase', 'expr_up_acc_down']","[['up', 'down'], ['up', 'up'], ['up', 'down']]","['up/down , expr_up_acc_down', 'up/up , increase', 'up/down , expr_up_acc_down']","['up/down', 'up/up', 'up/down']",1,0,0,0,0,0,0,2,0,conflict,gradual down,late down,gradual down & late down,gradual down & late down | conflict
GLIS2,-0.127987483812024,0.0710731133564289,0.159213868520525,3.860899999999999,-25.6655,-2.21256,"['down', 'up', 'up']","['up', 'down', 'down']","['expr_down_acc_up', 'expr_up_acc_down', 'expr_up_acc_down']","[['down', 'up'], ['up', 'down'], ['up', 'down']]","['down/up , expr_down_acc_up', 'up/down , expr_up_acc_down', 'up/down , expr_up_acc_down']","['down/up', 'up/down', 'up/down']",0,0,0,0,0,0,0,2,1,conflict,gradual up,late up,gradual up & late up,gradual up & late up | conflict
CORO7,0.480904730354661,-0.0891441152913599,0.623828722967762,-0.47886,-1.38516,-0.6166699999999996,"['up', 'down', 'up']","['down', 'down', 'down']","['expr_up_acc_down', 'decrease', 'expr_up_acc_down']","[['up', 'down'], ['down', 'down'], ['up', 'down']]","['up/down , expr_up_acc_down', 'down/down , decrease', 'up/down , expr_up_acc_down']","['up/down', 'down/down', 'up/down']",0,1,0,0,0,0,0,2,0,conflict,late up,late up,late up & late up,late up & late up | conflict
VASN,-1.31852920491611,-1.65317824327706,-1.58983541940142,-13.56348,-2.470979999999999,1.34178,"['down', 'down', 'down']","['down', 'down', 'up']","['decrease', 'decrease', 'expr_down_acc_up']","[['down', 'down'], ['down', 'down'], ['down', 'up']]","['down/down , decrease', 'down/down , decrease', 'down/up , expr_down_acc_up']","['down/down', 'down/down', 'down/up']",0,2,0,0,0,0,0,0,1,mixed,late up,gradual up,late up & gradual up,late up & gradual up | mixed
DNAJA3,-0.0871600579412957,0.250156228283518,-0.218848831200815,-4.207499999999996,-13.5659,-23.82034,"['down', 'up', 'down']","['down', 'down', 'down']","['decrease', 'expr_up_acc_down', 'decrease']","[['down', 'down'], ['up', 'down'], ['down', 'down']]","['down/down , decrease', 'up/down , expr_up_acc_down', 'down/down , decrease']","['down/down', 'up/down', 'down/down']",0,2,0,0,0,0,0,1,0,mixed,late down,gradual down,late down & gradual down,late down & gradual down | mixed
NMRAL1,-0.336452114136861,-0.776243873847925,-1.16718924353494,-7.484999999999996,0.7293700000000003,-1.0972399999999998,"['down', 'down', 'down']","['down', 'up', 'down']","['decrease', 'expr_down_acc_up', 'decrease']","[['down', 'down'], ['down', 'up'], ['down', 'down']]","['down/down , decrease', 'down/up , expr_down_acc_up', 'down/down , decrease']","['down/down', 'down/up', 'down/down']",0,2,0,0,0,0,0,0,1,mixed,gradual down,late down,gradual down & late down,gradual down & late down | mixed
HMOX2,-0.529224111800863,-0.243177115501899,-0.370993757882889,-7.484999999999996,-4.7514,-14.36305,"['down', 'down', 'down']","['down', 'down', 'down']","['decrease', 'decrease', 'decrease']","[['down', 'down'], ['down', 'down'], ['down', 'down']]","['down/down , decrease', 'down/down , decrease', 'down/down , decrease']","['down/down', 'down/down', 'down/down']",0,3,0,0,0,0,0,0,0,expr_acc_down,late down,late down,late down & late down,late down & late down | expr_acc_down
CDIP1,-0.688740005635555,-0.769583054973845,-1.04311465733323,-1.4411999999999998,1.57574,0.67089,"['down', 'down', 'down']","['down', 'up', 'up']","['decrease', 'expr_down_acc_up', 'expr_down_acc_up']","[['down', 'down'], ['down', 'up'], ['down', 'up']]","['down/down , decrease', 'down/up , expr_down_acc_up', 'down/up , expr_down_acc_up']","['down/down', 'down/up', 'down/up']",0,1,0,0,0,0,0,0,2,conflict,gradual down,late down,gradual down & late down,gradual down & late down | conflict
C5H16orf96,1.64477281209121,-0.757864812336234,-0.610108340745233,2.3174600000000005,4.90404,-3.17371,"['up', 'down', 'down']","['up', 'up', 'down']","['increase', 'expr_down_acc_up', 'decrease']","[['up', 'up'], ['down', 'up'], ['down', 'down']]","['up/up , increase', 'down/up , expr_down_acc_up', 'down/down , decrease']","['up/up', 'down/up', 'down/down']",1,1,0,0,0,0,0,0,1,mixed,late up,late down,late up & late down,late up & late down | mixed
UBALD1,0.321410649926817,0.976506126360163,1.26269354932762,0.3881699999999997,3.0888600000000004,2.4571000000000005,"['up', 'up', 'up']","['up', 'up', 'up']","['increase', 'increase', 'increase']","[['up', 'up'], ['up', 'up'], ['up', 'up']]","['up/up , increase', 'up/up , increase', 'up/up , increase']","['up/up', 'up/up', 'up/up']",3,0,0,0,0,0,0,0,0,expr_acc_up,gradual up,late down,gradual up & late down,gradual up & late down | expr_acc_up
MGRN1,-0.273749559025236,-0.49479593643032,-0.365008001707105,-7.954600000000006,-3.349800000000002,-20.266,"['down', 'down', 'down']","['down', 'down', 'down']","['decrease', 'decrease', 'decrease']","[['down', 'down'], ['down', 'down'], ['down', 'down']]","['down/down , decrease', 'down/down , decrease', 'down/down , decrease']","['down/down', 'down/down', 'down/down']",0,3,0,0,0,0,0,0,0,expr_acc_down,late up,late down,late up & late down,late up & late down | expr_acc_down
NUDT16L1,0.406091890487591,0.573779079795583,0.780304028949109,-0.0929999999999999,2.3023700000000007,-2.52089,"['up', 'up', 'up']","['flat', 'up', 'down']","['expr_only_up', 'increase', 'expr_up_acc_down']","[['up', 'flat'], ['up', 'up'], ['up', 'down']]","['up/flat , expr_only_up', 'up/up , increase', 'up/down , expr_up_acc_down']","['up/flat', 'up/up', 'up/down']",1,0,0,1,0,0,0,1,0,mixed,gradual up,late down,gradual up & late down,gradual up & late down | mixed
ANKS3,0.076609181997117,-0.0409504687366096,0.393155618490103,0.3881699999999997,-0.4190599999999995,0.3625600000000002,"['up', 'down', 'up']","['up', 'down', 'up']","['increase', 'decrease', 'increase']","[['up', 'up'], ['down', 'down'], ['up', 'up']]","['up/up , increase', 'down/down , decrease', 'up/up , increase']","['up/up', 'down/down', 'up/up']",2,1,0,0,0,0,0,0,0,mixed,late up,late up,late up & late up,late up & late up | mixed
C5H16orf71,0.0111674760833657,-0.461138534697843,-0.279372223329178,-15.360500000000002,10.64901,-11.924,"['up', 'down', 'down']","['down', 'up', 'down']","['expr_up_acc_down', 'expr_down_acc_up', 'decrease']","[['up', 'down'], ['down', 'up'], ['down', 'down']]","['up/down , expr_up_acc_down', 'down/up , expr_down_acc_up', 'down/down , decrease']","['up/down', 'down/up', 'down/down']",0,1,0,0,0,0,0,1,1,conflict,late up,late down,late up & late down,late up & late down | conflict
ZNF500,0.845639444202623,1.54873816238361,1.61595890629946,0.6764099999999997,0.1252200000000005,2.7654300000000003,"['up', 'up', 'up']","['up', 'flat', 'up']","['increase', 'expr_only_up', 'increase']","[['up', 'up'], ['up', 'flat'], ['up', 'up']]","['up/up , increase', 'up/flat , expr_only_up', 'up/up , increase']","['up/up', 'up/flat', 'up/up']",2,0,0,1,0,0,0,0,0,mixed,gradual up,late up,gradual up & late up,gradual up & late up | mixed
LOC103231789,0.0346408034189364,-1.5915672853912,0.963534199416623,1.1575899999999997,0.7293700000000003,3.0918400000000004,"['up', 'down', 'up']","['up', 'up', 'up']","['increase', 'expr_down_acc_up', 'increase']","[['up', 'up'], ['down', 'up'], ['up', 'up']]","['up/up , increase', 'down/up , expr_down_acc_up', 'up/up , increase']","['up/up', 'down/up', 'up/up']",2,0,0,0,0,0,0,0,1,mixed,late up,late up,late up & late up,late up & late up | mixed
SEPT12,0.707709185208978,1.99839382649887,-0.0311979815639399,-0.7671000000000001,3.51067,-0.7708399999999997,"['up', 'up', 'down']","['down', 'up', 'down']","['expr_up_acc_down', 'increase', 'decrease']","[['up', 'down'], ['up', 'up'], ['down', 'down']]","['up/down , expr_up_acc_down', 'up/up , increase', 'down/down , decrease']","['up/down', 'up/up', 'down/down']",1,1,0,0,0,0,0,1,0,mixed,late down,late down,late down & late down,late down & late down | mixed
ROGDI,-0.229511212881856,-0.131500831029507,-0.100499350944669,-0.38124,-1.2028100000000004,-7.01829,"['down', 'down', 'down']","['down', 'down', 'down']","['decrease', 'decrease', 'decrease']","[['down', 'down'], ['down', 'down'], ['down', 'down']]","['down/down , decrease', 'down/down , decrease', 'down/down , decrease']","['down/down', 'down/down', 'down/down']",0,3,0,0,0,0,0,0,0,expr_acc_down,gradual up,gradual down,gradual up & gradual down,gradual up & gradual down | expr_acc_down
GLYR1,-0.281387265864592,-0.137920611883503,0.100357238215759,0.4834899999999997,1.2736600000000005,1.1514600000000002,"['down', 'down', 'up']","['up', 'up', 'up']","['expr_down_acc_up', 'expr_down_acc_up', 'increase']","[['down', 'up'], ['down', 'up'], ['up', 'up']]","['down/up , expr_down_acc_up', 'down/up , expr_down_acc_up', 'up/up , increase']","['down/up', 'down/up', 'up/up']",1,0,0,0,0,0,0,0,2,conflict,gradual up,flat,gradual up & flat,gradual up & flat | conflict
UBN1,2.33203498376801,1.45758949041281,-0.621406611405904,3.2798,3.26846,-4.75155,"['up', 'up', 'down']","['up', 'up', 'down']","['increase', 'increase', 'decrease']","[['up', 'up'], ['up', 'up'], ['down', 'down']]","['up/up , increase', 'up/up , increase', 'down/down , decrease']","['up/up', 'up/up', 'down/down']",2,1,0,0,0,0,0,0,0,mixed,gradual down,flat,gradual down & flat,gradual down & flat | mixed
SEC14L5,2.54448586521269,3.16755379367322,3.38517275537778,-20.59039,-6.397959999999999,-1.06109,"['up', 'up', 'up']","['down', 'down', 'down']","['expr_up_acc_down', 'expr_up_acc_down', 'expr_up_acc_down']","[['up', 'down'], ['up', 'down'], ['up', 'down']]","['up/down , expr_up_acc_down', 'up/down , expr_up_acc_down', 'up/down , expr_up_acc_down']","['up/down', 'up/down', 'up/down']",0,0,0,0,0,0,0,3,0,conflict,gradual up,gradual up,gradual up & gradual up,gradual up & gradual up | conflict
NAGPA,-0.313545509536713,-0.620565136398757,-0.621477843793163,-0.0929999999999999,-0.1768599999999995,-0.1360899999999998,"['down', 'down', 'down']","['flat', 'flat', 'flat']","['expr_only_down', 'expr_only_down', 'expr_only_down']","[['down', 'flat'], ['down', 'flat'], ['down', 'flat']]","['down/flat , expr_only_down', 'down/flat , expr_only_down', 'down/flat , expr_only_down']","['down/flat', 'down/flat', 'down/flat']",0,0,0,0,3,0,0,0,0,expression_only,flat,flat,flat & flat,flat & flat | expression_only
C5H16orf89,0.676753251344636,0.0,0.0,-0.47886,0.4871699999999999,0.67089,"['up', 'flat', 'flat']","['down', 'up', 'up']","['expr_up_acc_down', 'acc_only_up', 'acc_only_up']","[['up', 'down'], ['flat', 'up'], ['flat', 'up']]","['up/down , expr_up_acc_down', 'flat/up , acc_only_up', 'flat/up , acc_only_up']","['up/down', 'flat/up', 'flat/up']",0,0,0,0,0,2,0,1,0,accessibility_only,flat,flat,flat & flat,flat & flat | accessibility_only
ALG1,-0.181480116478341,-0.122667464449243,-0.0528581927954368,-3.8331000000000017,0.9853000000000024,-11.15317,"['down', 'down', 'down']","['down', 'up', 'down']","['decrease', 'expr_down_acc_up', 'decrease']","[['down', 'down'], ['down', 'up'], ['down', 'down']]","['down/down , decrease', 'down/up , expr_down_acc_up', 'down/down , decrease']","['down/down', 'down/up', 'down/down']",0,2,0,0,0,0,0,0,1,mixed,gradual up,late down,gradual up & late down,gradual up & late down | mixed
FAM86A,-0.0549053091388777,-0.522862795522129,-1.51411634141773,-13.95159,1.09132,0.1903100000000002,"['down', 'down', 'down']","['down', 'up', 'up']","['decrease', 'expr_down_acc_up', 'expr_down_acc_up']","[['down', 'down'], ['down', 'up'], ['down', 'up']]","['down/down , decrease', 'down/up , expr_down_acc_up', 'down/up , expr_down_acc_up']","['down/down', 'down/up', 'down/up']",0,1,0,0,0,0,0,0,2,conflict,gradual down,late down,gradual down & late down,gradual down & late down | conflict
RBFOX1,-1.90532295157987,0.0,1.95811633241364,1.0622699999999998,-1.0830799999999998,1.3237100000000002,"['down', 'flat', 'up']","['up', 'down', 'up']","['expr_down_acc_up', 'acc_only_down', 'increase']","[['down', 'up'], ['flat', 'down'], ['up', 'up']]","['down/up , expr_down_acc_up', 'flat/down , acc_only_down', 'up/up , increase']","['down/up', 'flat/down', 'up/up']",1,0,0,0,0,0,1,0,1,mixed,gradual up,late up,gradual up & late up,gradual up & late up | mixed
LOC103227927,0.0,2.05129431190306,0.0,-0.6694700000000005,0.4273000000000002,-1.5778199999999996,"['flat', 'up', 'flat']","['down', 'up', 'down']","['acc_only_down', 'increase', 'acc_only_down']","[['flat', 'down'], ['up', 'up'], ['flat', 'down']]","['flat/down , acc_only_down', 'up/up , increase', 'flat/down , acc_only_down']","['flat/down', 'up/up', 'flat/down']",1,0,0,0,0,0,2,0,0,accessibility_only,late down,late down,late down & late down,late down & late down | accessibility_only
TMEM114,1.31227678248072,0.0,0.0,-0.1882999999999999,-0.0571200000000002,-2.21256,"['up', 'flat', 'flat']","['down', 'flat', 'down']","['expr_up_acc_down', 'neutral', 'acc_only_down']","[['up', 'down'], ['flat', 'flat'], ['flat', 'down']]","['up/down , expr_up_acc_down', 'flat/flat , neutral', 'flat/down , acc_only_down']","['up/down', 'flat/flat', 'flat/down']",0,0,1,0,0,0,1,1,0,stable,flat,flat,flat & flat,flat & flat | stable
METTL22,0.52216279389806,0.36182768445546,0.488017806894341,0.873899999999999,-3.01526,0.3625600000000002,"['up', 'up', 'up']","['up', 'down', 'up']","['increase', 'expr_up_acc_down', 'increase']","[['up', 'up'], ['up', 'down'], ['up', 'up']]","['up/up , increase', 'up/down , expr_up_acc_down', 'up/up , increase']","['up/up', 'up/down', 'up/up']",2,0,0,0,0,0,0,1,0,mixed,late up,late up,late up & late up,late up & late up | mixed
ABAT,-0.288007806618198,-0.450474660309997,0.222957948902157,15.02784,-0.5986500000000001,-0.9069199999999996,"['down', 'down', 'up']","['up', 'down', 'down']","['expr_down_acc_up', 'decrease', 'expr_up_acc_down']","[['down', 'up'], ['down', 'down'], ['up', 'down']]","['down/up , expr_down_acc_up', 'down/down , decrease', 'up/down , expr_up_acc_down']","['down/up', 'down/down', 'up/down']",0,1,0,0,0,0,0,1,1,conflict,late up,gradual down,late up & gradual down,late up & gradual down | conflict
PMM2,0.677420998040829,3.25758694774271,1.76867338426257,-3.4543000000000017,-6.45505,6.16563,"['up', 'up', 'up']","['down', 'down', 'up']","['expr_up_acc_down', 'expr_up_acc_down', 'increase']","[['up', 'down'], ['up', 'down'], ['up', 'up']]","['up/down , expr_up_acc_down', 'up/down , expr_up_acc_down', 'up/up , increase']","['up/down', 'up/down', 'up/up']",1,0,0,0,0,0,0,2,0,conflict,late down,late up,late down & late up,late down & late up | conflict
CARHSP1,0.455063856619721,0.467503799688957,0.951497014804572,0.6764099999999997,-0.1169799999999998,-0.1360899999999998,"['up', 'up', 'up']","['up', 'flat', 'flat']","['increase', 'expr_only_up', 'expr_only_up']","[['up', 'up'], ['up', 'flat'], ['up', 'flat']]","['up/up , increase', 'up/flat , expr_only_up', 'up/flat , expr_only_up']","['up/up', 'up/flat', 'up/flat']",1,0,0,2,0,0,0,0,0,expression_only,flat,flat,flat & flat,flat & flat | expression_only
C5H16orf72,0.31986768509979,0.615855317423186,0.980011792343291,17.529000000000003,2.66431,9.58383,"['up', 'up', 'up']","['up', 'up', 'up']","['increase', 'increase', 'increase']","[['up', 'up'], ['up', 'up'], ['up', 'up']]","['up/up , increase', 'up/up , increase', 'up/up , increase']","['up/up', 'up/up', 'up/up']",3,0,0,0,0,0,0,0,0,expr_acc_up,gradual up,late up,gradual up & late up,gradual up & late up | expr_acc_up
ATF7IP2,0.712886900953085,0.75460362629361,1.12508845250279,-2.010800000000001,-0.7727000000000004,-2.1944799999999995,"['up', 'up', 'up']","['down', 'down', 'down']","['expr_up_acc_down', 'expr_up_acc_down', 'expr_up_acc_down']","[['up', 'down'], ['up', 'down'], ['up', 'down']]","['up/down , expr_up_acc_down', 'up/down , expr_up_acc_down', 'up/down , expr_up_acc_down']","['up/down', 'up/down', 'up/down']",0,0,0,0,0,0,0,3,0,conflict,gradual up,late down,gradual up & late down,gradual up & late down | conflict
EMP2,0.215039538577392,0.488584437352441,0.144362300505247,-5.095280000000001,0.4871699999999999,0.3444800000000003,"['up', 'up', 'up']","['down', 'up', 'up']","['expr_up_acc_down', 'increase', 'increase']","[['up', 'down'], ['up', 'up'], ['up', 'up']]","['up/down , expr_up_acc_down', 'up/up , increase', 'up/up , increase']","['up/down', 'up/up', 'up/up']",2,0,0,0,0,0,0,1,0,mixed,late down,flat,late down & flat,late down & flat | mixed
NUBP1,-0.119635016198119,0.16577794344804,0.365734967141822,-19.62578,-10.079949999999998,-9.05861,"['down', 'up', 'up']","['down', 'down', 'down']","['decrease', 'expr_up_acc_down', 'expr_up_acc_down']","[['down', 'down'], ['up', 'down'], ['up', 'down']]","['down/down , decrease', 'up/down , expr_up_acc_down', 'up/down , expr_up_acc_down']","['down/down', 'up/down', 'up/down']",0,1,0,0,0,0,0,2,0,conflict,gradual up,gradual up,gradual up & gradual up,gradual up & gradual up | conflict
CIITA,-1.90158320433222,2.56950549435461,0.0,0.1952399999999996,0.2449499999999997,1.1514600000000002,"['down', 'up', 'flat']","['up', 'up', 'up']","['expr_down_acc_up', 'increase', 'acc_only_up']","[['down', 'up'], ['up', 'up'], ['flat', 'up']]","['down/up , expr_down_acc_up', 'up/up , increase', 'flat/up , acc_only_up']","['down/up', 'up/up', 'flat/up']",1,0,0,0,0,1,0,0,1,mixed,late down,flat,late down & flat,late down & flat | mixed
CLEC16A,1.24750268832946,2.31936189954377,1.46408039259576,30.24159,-3.2354999999999983,-12.268489999999998,"['up', 'up', 'up']","['up', 'down', 'down']","['increase', 'expr_up_acc_down', 'expr_up_acc_down']","[['up', 'up'], ['up', 'down'], ['up', 'down']]","['up/up , increase', 'up/down , expr_up_acc_down', 'up/down , expr_up_acc_down']","['up/up', 'up/down', 'up/down']",1,0,0,0,0,0,0,2,0,conflict,late down,gradual down,late down & gradual down,late down & gradual down | conflict
SOCS1,0.987509960566512,-0.240816802726498,0.21926277064089,2.2221,5.98989,3.5724100000000005,"['up', 'down', 'up']","['up', 'up', 'up']","['increase', 'expr_down_acc_up', 'increase']","[['up', 'up'], ['down', 'up'], ['up', 'up']]","['up/up , increase', 'down/up , expr_down_acc_up', 'up/up , increase']","['up/up', 'down/up', 'up/up']",2,0,0,0,0,0,0,0,1,mixed,late up,late down,late up & late down,late up & late down | mixed
LOC103228339,0.0,-0.666449131500057,0.963777201079376,3.5725999999999978,8.833840000000002,-12.767139999999998,"['flat', 'down', 'up']","['up', 'up', 'down']","['acc_only_up', 'expr_down_acc_up', 'expr_up_acc_down']","[['flat', 'up'], ['down', 'up'], ['up', 'down']]","['flat/up , acc_only_up', 'down/up , expr_down_acc_up', 'up/down , expr_up_acc_down']","['flat/up', 'down/up', 'up/down']",0,0,0,0,0,1,0,1,1,conflict,late up,late down,late up & late down,late up & late down | conflict
RMI2,0.0075247487343916,-0.231744828758253,-0.54646965176677,-5.288279999999999,-2.83292,-0.2902599999999999,"['up', 'down', 'down']","['down', 'down', 'down']","['expr_up_acc_down', 'decrease', 'decrease']","[['up', 'down'], ['down', 'down'], ['down', 'down']]","['up/down , expr_up_acc_down', 'down/down , decrease', 'down/down , decrease']","['up/down', 'down/down', 'down/down']",0,2,0,0,0,0,0,1,0,mixed,gradual down,gradual up,gradual down & gradual up,gradual down & gradual up | mixed
LOC103231808,0.676733174095703,-0.666320474255508,0.0,1.1575899999999997,-0.1169799999999998,-0.2902599999999999,"['up', 'down', 'flat']","['up', 'flat', 'down']","['increase', 'expr_only_down', 'acc_only_down']","[['up', 'up'], ['down', 'flat'], ['flat', 'down']]","['up/up , increase', 'down/flat , expr_only_down', 'flat/down , acc_only_down']","['up/up', 'down/flat', 'flat/down']",1,0,0,0,1,0,1,0,0,mixed,late up,flat,late up & flat,late up & flat | mixed
LOC103228356,-2.32745330934971,2.86601073670944,0.94983592355964,-0.2859300000000004,0.7293700000000003,-0.1360899999999998,"['down', 'up', 'up']","['down', 'up', 'flat']","['decrease', 'increase', 'expr_only_up']","[['down', 'down'], ['up', 'up'], ['up', 'flat']]","['down/down , decrease', 'up/up , increase', 'up/flat , expr_only_up']","['down/down', 'up/up', 'up/flat']",1,1,0,1,0,0,0,0,0,mixed,late down,late down,late down & late down,late down & late down | mixed
LOC103228346,-1.42476709117102,2.36278952954634,2.77902945988385,-4.616460000000001,-10.74952,0.3444800000000003,"['down', 'up', 'up']","['down', 'down', 'up']","['decrease', 'expr_up_acc_down', 'increase']","[['down', 'down'], ['up', 'down'], ['up', 'up']]","['down/down , decrease', 'up/down , expr_up_acc_down', 'up/up , increase']","['down/down', 'up/down', 'up/up']",1,1,0,0,0,0,0,1,0,mixed,gradual up,late up,gradual up & late up,gradual up & late up | mixed
LITAF,-0.85668885995186,-1.51416993301402,-1.63229081632153,-0.9600300000000002,-0.66127,0.3444800000000003,"['down', 'down', 'down']","['down', 'down', 'up']","['decrease', 'decrease', 'expr_down_acc_up']","[['down', 'down'], ['down', 'down'], ['down', 'up']]","['down/down , decrease', 'down/down , decrease', 'down/up , expr_down_acc_up']","['down/down', 'down/down', 'down/up']",0,2,0,0,0,0,0,0,1,mixed,gradual down,gradual up,gradual down & gradual up,gradual down & gradual up | mixed
SNN,-0.519890736734695,-0.674089979148752,-0.438307897280352,2.02461,-2.23151,-0.6166699999999996,"['down', 'down', 'down']","['up', 'down', 'down']","['expr_down_acc_up', 'decrease', 'decrease']","[['down', 'up'], ['down', 'down'], ['down', 'down']]","['down/up , expr_down_acc_up', 'down/down , decrease', 'down/down , decrease']","['down/up', 'down/down', 'down/down']",0,2,0,0,0,0,0,0,1,mixed,late up,late up,late up & late up,late up & late up | mixed
TXNDC11,0.418323034485499,0.313441033757708,0.521988033838559,-13.85399,1.09132,-4.44322,"['up', 'up', 'up']","['down', 'up', 'down']","['expr_up_acc_down', 'increase', 'expr_up_acc_down']","[['up', 'down'], ['up', 'up'], ['up', 'down']]","['up/down , expr_up_acc_down', 'up/up , increase', 'up/down , expr_up_acc_down']","['up/down', 'up/up', 'up/down']",1,0,0,0,0,0,0,2,0,conflict,late up,late down,late up & late down,late up & late down | conflict
ZC3H7A,0.655290755360681,1.00584603111155,0.854823914532073,5.106890000000001,-0.7211399999999997,0.67089,"['up', 'up', 'up']","['up', 'down', 'up']","['increase', 'expr_up_acc_down', 'increase']","[['up', 'up'], ['up', 'down'], ['up', 'up']]","['up/up , increase', 'up/down , expr_up_acc_down', 'up/up , increase']","['up/up', 'up/down', 'up/up']",2,0,0,0,0,0,0,1,0,mixed,late down,late up,late down & late up,late down & late up | mixed
LOC103228434,-0.363708152432412,-0.237438284304417,-0.6782973307284,7.12916,-6.15577,-0.5985899999999997,"['down', 'down', 'down']","['up', 'down', 'down']","['expr_down_acc_up', 'decrease', 'decrease']","[['down', 'up'], ['down', 'down'], ['down', 'down']]","['down/up , expr_down_acc_up', 'down/down , decrease', 'down/down , decrease']","['down/up', 'down/down', 'down/down']",0,2,0,0,0,0,0,0,1,mixed,late down,late up,late down & late up,late down & late up | mixed
GSPT1,-0.238416298203218,-0.030890625296993,-0.419335051717938,4.33745,-1.92944,0.5528700000000004,"['down', 'down', 'down']","['up', 'down', 'up']","['expr_down_acc_up', 'decrease', 'expr_down_acc_up']","[['down', 'up'], ['down', 'down'], ['down', 'up']]","['down/up , expr_down_acc_up', 'down/down , decrease', 'down/up , expr_down_acc_up']","['down/up', 'down/down', 'down/up']",0,1,0,0,0,0,0,0,2,conflict,late down,late up,late down & late up,late down & late up | conflict
SNX29,-0.678900239142672,-0.63648335258093,-0.540029542355424,-2.1129800000000003,1.2764100000000005,-0.44442,"['down', 'down', 'down']","['down', 'up', 'down']","['decrease', 'expr_down_acc_up', 'decrease']","[['down', 'down'], ['down', 'up'], ['down', 'down']]","['down/down , decrease', 'down/up , expr_down_acc_up', 'down/down , decrease']","['down/down', 'down/up', 'down/down']",0,2,0,0,0,0,0,0,1,mixed,gradual up,late down,gradual up & late down,gradual up & late down | mixed
CPPED1,-0.987752642767534,-1.08507305615067,-2.6260077727814,15.02553,6.172230000000001,0.3444800000000003,"['down', 'down', 'down']","['up', 'up', 'up']","['expr_down_acc_up', 'expr_down_acc_up', 'expr_down_acc_up']","[['down', 'up'], ['down', 'up'], ['down', 'up']]","['down/up , expr_down_acc_up', 'down/up , expr_down_acc_up', 'down/up , expr_down_acc_up']","['down/up', 'down/up', 'down/up']",0,0,0,0,0,0,0,0,3,conflict,gradual down,gradual down,gradual down & gradual down,gradual down & gradual down | conflict
LOC103228612,0.0,2.56952512592658,0.0,-71.11098000000001,-49.35257,-24.3467,"['flat', 'up', 'flat']","['down', 'down', 'down']","['acc_only_down', 'expr_up_acc_down', 'acc_only_down']","[['flat', 'down'], ['up', 'down'], ['flat', 'down']]","['flat/down , acc_only_down', 'up/down , expr_up_acc_down', 'flat/down , acc_only_down']","['flat/down', 'up/down', 'flat/down']",0,0,0,0,0,0,2,1,0,accessibility_only,late down,gradual up,late down & gradual up,late down & gradual up | accessibility_only
ERCC4,0.0079255055945604,-0.0785206097648447,-0.0995211071549261,-71.11098000000001,-49.35257,-24.3467,"['up', 'down', 'down']","['down', 'down', 'down']","['expr_up_acc_down', 'decrease', 'decrease']","[['up', 'down'], ['down', 'down'], ['down', 'down']]","['up/down , expr_up_acc_down', 'down/down , decrease', 'down/down , decrease']","['up/down', 'down/down', 'down/down']",0,2,0,0,0,0,0,1,0,mixed,gradual down,gradual up,gradual down & gradual up,gradual down & gradual up | mixed
LOC103228649,0.676753251344636,0.0,0.0,-5.867090000000001,-4.648119999999999,-1.5778199999999996,"['up', 'flat', 'flat']","['down', 'down', 'down']","['expr_up_acc_down', 'acc_only_down', 'acc_only_down']","[['up', 'down'], ['flat', 'down'], ['flat', 'down']]","['up/down , expr_up_acc_down', 'flat/down , acc_only_down', 'flat/down , acc_only_down']","['up/down', 'flat/down', 'flat/down']",0,0,0,0,0,0,2,1,0,accessibility_only,flat,gradual up,flat & gradual up,flat & gradual up | accessibility_only
MKL2,-0.118801693610044,-0.524685865852447,-0.743948981261199,-0.76478,-0.8408699999999998,-0.1180199999999995,"['down', 'down', 'down']","['down', 'down', 'flat']","['decrease', 'decrease', 'expr_only_down']","[['down', 'down'], ['down', 'down'], ['down', 'flat']]","['down/down , decrease', 'down/down , decrease', 'down/flat , expr_only_down']","['down/down', 'down/down', 'down/flat']",0,2,0,0,1,0,0,0,0,mixed,gradual down,flat,gradual down & flat,gradual down & flat | mixed
TRNAT-CGU,1.95788989748728,3.22985676319804,2.40928058995844,1.3621000000000016,-8.632190000000001,6.818379999999999,"['up', 'up', 'up']","['up', 'down', 'up']","['increase', 'expr_up_acc_down', 'increase']","[['up', 'up'], ['up', 'down'], ['up', 'up']]","['up/up , increase', 'up/down , expr_up_acc_down', 'up/up , increase']","['up/up', 'up/down', 'up/up']",2,0,0,0,0,0,0,1,0,mixed,late down,late up,late down & late up,late down & late up | mixed
PARN,-0.211394138113008,-0.152074898000597,-0.374298089430153,1.1599000000000004,1.15393,0.9973,"['down', 'down', 'down']","['up', 'up', 'up']","['expr_down_acc_up', 'expr_down_acc_up', 'expr_down_acc_up']","[['down', 'up'], ['down', 'up'], ['down', 'up']]","['down/up , expr_down_acc_up', 'down/up , expr_down_acc_up', 'down/up , expr_down_acc_up']","['down/up', 'down/up', 'down/up']",0,0,0,0,0,0,0,0,3,conflict,late down,flat,late down & flat,late down & flat | conflict
BFAR,-0.315662068840539,-0.0881773931003501,-1.00376368840347,16.85721,2.3622300000000003,-9.711470000000002,"['down', 'down', 'down']","['up', 'up', 'down']","['expr_down_acc_up', 'expr_down_acc_up', 'decrease']","[['down', 'up'], ['down', 'up'], ['down', 'down']]","['down/up , expr_down_acc_up', 'down/up , expr_down_acc_up', 'down/down , decrease']","['down/up', 'down/up', 'down/down']",0,1,0,0,0,0,0,0,2,conflict,late down,gradual down,late down & gradual down,late down & gradual down | conflict
RRN3,0.471201249913194,0.547166336489925,0.563844711901851,-5.943800000000003,-10.8555,-11.117,"['up', 'up', 'up']","['down', 'down', 'down']","['expr_up_acc_down', 'expr_up_acc_down', 'expr_up_acc_down']","[['up', 'down'], ['up', 'down'], ['up', 'down']]","['up/down , expr_up_acc_down', 'up/down , expr_up_acc_down', 'up/down , expr_up_acc_down']","['up/down', 'up/down', 'up/down']",0,0,0,0,0,0,0,3,0,conflict,flat,gradual down,flat & gradual down,flat & gradual down | conflict
NTAN1,-0.693990892979757,0.0255089451840462,-0.0480404354933448,17.53131,-29.53803,-19.83967,"['down', 'up', 'down']","['up', 'down', 'down']","['expr_down_acc_up', 'expr_up_acc_down', 'decrease']","[['down', 'up'], ['up', 'down'], ['down', 'down']]","['down/up , expr_down_acc_up', 'up/down , expr_up_acc_down', 'down/down , decrease']","['down/up', 'up/down', 'down/down']",0,1,0,0,0,0,0,1,1,conflict,late down,late up,late down & late up,late down & late up | conflict
PDXDC1,0.115032068336525,0.175172115180254,0.19945564413693,0.1952399999999996,1.33352,1.95845,"['up', 'up', 'up']","['up', 'up', 'up']","['increase', 'increase', 'increase']","[['up', 'up'], ['up', 'up'], ['up', 'up']]","['up/up , increase', 'up/up , increase', 'up/up , increase']","['up/up', 'up/up', 'up/up']",3,0,0,0,0,0,0,0,0,expr_acc_up,gradual up,gradual up,gradual up & gradual up,gradual up & gradual up | expr_acc_up
KIAA0430,-0.118335028176966,-0.0003378962945737,0.143623278814302,-10.10229,5.38574,-0.6166699999999996,"['down', 'flat', 'up']","['down', 'up', 'down']","['decrease', 'acc_only_up', 'expr_up_acc_down']","[['down', 'down'], ['flat', 'up'], ['up', 'down']]","['down/down , decrease', 'flat/up , acc_only_up', 'up/down , expr_up_acc_down']","['down/down', 'flat/up', 'up/down']",0,1,0,0,0,1,0,1,0,mixed,gradual up,late down,gradual up & late down,gradual up & late down | mixed
NDE1,-0.581122464673554,-0.190558564661262,-0.903564380911672,-7.884669999999998,3.3909400000000005,0.5167299999999999,"['down', 'down', 'down']","['down', 'up', 'up']","['decrease', 'expr_down_acc_up', 'expr_down_acc_up']","[['down', 'down'], ['down', 'up'], ['down', 'up']]","['down/down , decrease', 'down/up , expr_down_acc_up', 'down/up , expr_down_acc_up']","['down/down', 'down/up', 'down/up']",0,1,0,0,0,0,0,0,2,conflict,late down,late down,late down & late down,late down & late down | conflict
MYH11,-0.0083007997723664,1.78439779972738,3.40459850580812,0.00231,0.5470299999999999,-0.6166699999999996,"['down', 'up', 'up']","['flat', 'up', 'down']","['expr_only_down', 'increase', 'expr_up_acc_down']","[['down', 'flat'], ['up', 'up'], ['up', 'down']]","['down/flat , expr_only_down', 'up/up , increase', 'up/down , expr_up_acc_down']","['down/flat', 'up/up', 'up/down']",1,0,0,0,1,0,0,1,0,mixed,gradual up,late down,gradual up & late down,gradual up & late down | mixed
FOPNL,-0.0695828116710194,0.134899475478302,-0.0103952494302164,0.0091999999999998,-4.648119999999999,8.10595,"['down', 'up', 'down']","['flat', 'down', 'up']","['expr_only_down', 'expr_up_acc_down', 'expr_down_acc_up']","[['down', 'flat'], ['up', 'down'], ['down', 'up']]","['down/flat , expr_only_down', 'up/down , expr_up_acc_down', 'down/up , expr_down_acc_up']","['down/flat', 'up/down', 'down/up']",0,0,0,0,1,0,0,1,1,conflict,late down,late up,late down & late up,late down & late up | conflict
ABCC6,0.978077015041878,1.93592134514843,1.54586296034065,0.6764099999999997,-0.1768599999999995,-2.05839,"['up', 'up', 'up']","['up', 'flat', 'down']","['increase', 'expr_only_up', 'expr_up_acc_down']","[['up', 'up'], ['up', 'flat'], ['up', 'down']]","['up/up , increase', 'up/flat , expr_only_up', 'up/down , expr_up_acc_down']","['up/up', 'up/flat', 'up/down']",1,0,0,1,0,0,0,1,0,mixed,late down,gradual down,late down & gradual down,late down & gradual down | mixed
LOC103228897,-0.233216319508894,-0.325774988277451,-0.818705841400354,-2.5918699999999983,-0.5986500000000001,-0.5985899999999997,"['down', 'down', 'down']","['down', 'down', 'down']","['decrease', 'decrease', 'decrease']","[['down', 'down'], ['down', 'down'], ['down', 'down']]","['down/down , decrease', 'down/down , decrease', 'down/down , decrease']","['down/down', 'down/down', 'down/down']",0,3,0,0,0,0,0,0,0,expr_acc_down,gradual down,flat,gradual down & flat,gradual down & flat | expr_acc_down
XYLT1,0.616819064846936,0.682869767548363,0.559156019612582,0.0999299999999996,-0.5986500000000001,0.9973,"['up', 'up', 'up']","['flat', 'down', 'up']","['expr_only_up', 'expr_up_acc_down', 'increase']","[['up', 'flat'], ['up', 'down'], ['up', 'up']]","['up/flat , expr_only_up', 'up/down , expr_up_acc_down', 'up/up , increase']","['up/flat', 'up/down', 'up/up']",1,0,0,1,0,0,0,1,0,mixed,late down,late up,late down & late up,late down & late up | mixed
LOC103228971,-0.569952901250593,-0.245489752251551,-0.849682208235408,22.15239,11.97702,0.6889600000000007,"['down', 'down', 'down']","['up', 'up', 'up']","['expr_down_acc_up', 'expr_down_acc_up', 'expr_down_acc_up']","[['down', 'up'], ['down', 'up'], ['down', 'up']]","['down/up , expr_down_acc_up', 'down/up , expr_down_acc_up', 'down/up , expr_down_acc_up']","['down/up', 'down/up', 'down/up']",0,0,0,0,0,0,0,0,3,conflict,late down,gradual down,late down & gradual down,late down & gradual down | conflict
SMG1,0.836622128494398,1.1371858620714,1.55367959287537,0.4834899999999997,5.4456,5.993360000000001,"['up', 'up', 'up']","['up', 'up', 'up']","['increase', 'increase', 'increase']","[['up', 'up'], ['up', 'up'], ['up', 'up']]","['up/up , increase', 'up/up , increase', 'up/up , increase']","['up/up', 'up/up', 'up/up']",3,0,0,0,0,0,0,0,0,expr_acc_up,gradual up,gradual up,gradual up & gradual up,gradual up & gradual up | expr_acc_up
TMC7,0.699382779865227,0.208320465656503,0.892609672360301,-2.008399999999998,-7.663349999999999,-8.6142,"['up', 'up', 'up']","['down', 'down', 'down']","['expr_up_acc_down', 'expr_up_acc_down', 'expr_up_acc_down']","[['up', 'down'], ['up', 'down'], ['up', 'down']]","['up/down , expr_up_acc_down', 'up/down , expr_up_acc_down', 'up/down , expr_up_acc_down']","['up/down', 'up/down', 'up/down']",0,0,0,0,0,0,0,3,0,conflict,late up,gradual down,late up & gradual down,late up & gradual down | conflict
LOC103229049,0.0,0.0,-0.47611566869659,-23.747100000000003,-19.9776,1.9765300000000003,"['flat', 'flat', 'down']","['down', 'down', 'up']","['acc_only_down', 'acc_only_down', 'expr_down_acc_up']","[['flat', 'down'], ['flat', 'down'], ['down', 'up']]","['flat/down , acc_only_down', 'flat/down , acc_only_down', 'down/up , expr_down_acc_up']","['flat/down', 'flat/down', 'down/up']",0,0,0,0,0,0,2,0,1,accessibility_only,flat,gradual up,flat & gradual up,flat & gradual up | accessibility_only
COQ7,-0.301420962964614,-0.514138376159534,-0.28171750318291,-23.747100000000003,-19.9776,1.9765300000000003,"['down', 'down', 'down']","['down', 'down', 'up']","['decrease', 'decrease', 'expr_down_acc_up']","[['down', 'down'], ['down', 'down'], ['down', 'up']]","['down/down , decrease', 'down/down , decrease', 'down/up , expr_down_acc_up']","['down/down', 'down/down', 'down/up']",0,2,0,0,0,0,0,0,1,mixed,late up,gradual up,late up & gradual up,late up & gradual up | mixed
ITPRIPL2,-0.262043078884744,-0.655342509586761,-0.86540460894886,-11.15989,-9.17647,-1.0791699999999995,"['down', 'down', 'down']","['down', 'down', 'down']","['decrease', 'decrease', 'decrease']","[['down', 'down'], ['down', 'down'], ['down', 'down']]","['down/down , decrease', 'down/down , decrease', 'down/down , decrease']","['down/down', 'down/down', 'down/down']",0,3,0,0,0,0,0,0,0,expr_acc_down,gradual down,gradual up,gradual down & gradual up,gradual down & gradual up | expr_acc_down
SYT17,0.875697713966872,1.2687985740999,0.963448021366969,0.8693399999999998,0.4273000000000002,-1.5778199999999996,"['up', 'up', 'up']","['up', 'up', 'down']","['increase', 'increase', 'expr_up_acc_down']","[['up', 'up'], ['up', 'up'], ['up', 'down']]","['up/up , increase', 'up/up , increase', 'up/down , expr_up_acc_down']","['up/up', 'up/up', 'up/down']",2,0,0,0,0,0,0,1,0,mixed,late down,gradual down,late down & gradual down,late down & gradual down | mixed
TMC5,-1.14051391551903,-2.70997655521051,-3.47437454634893,-4.71179,-2.89554,-3.01954,"['down', 'down', 'down']","['down', 'down', 'down']","['decrease', 'decrease', 'decrease']","[['down', 'down'], ['down', 'down'], ['down', 'down']]","['down/down , decrease', 'down/down , decrease', 'down/down , decrease']","['down/down', 'down/down', 'down/down']",0,3,0,0,0,0,0,0,0,expr_acc_down,gradual down,flat,gradual down & flat,gradual down & flat | expr_acc_down
GDE1,-0.738909750239324,-1.10818240968084,-1.76644546059936,19.07013,0.7293700000000003,1.1695400000000005,"['down', 'down', 'down']","['up', 'up', 'up']","['expr_down_acc_up', 'expr_down_acc_up', 'expr_down_acc_up']","[['down', 'up'], ['down', 'up'], ['down', 'up']]","['down/up , expr_down_acc_up', 'down/up , expr_down_acc_up', 'down/up , expr_down_acc_up']","['down/up', 'down/up', 'down/up']",0,0,0,0,0,0,0,0,3,conflict,gradual down,late up,gradual down & late up,gradual down & late up | conflict
CCP110,0.630727506332926,0.673255448934082,0.32020166986922,-8.445,-13.1551,-11.1351,"['up', 'up', 'up']","['down', 'down', 'down']","['expr_up_acc_down', 'expr_up_acc_down', 'expr_up_acc_down']","[['up', 'down'], ['up', 'down'], ['up', 'down']]","['up/down , expr_up_acc_down', 'up/down , expr_up_acc_down', 'up/down , expr_up_acc_down']","['up/down', 'up/down', 'up/down']",0,0,0,0,0,0,0,3,0,conflict,late down,late up,late down & late up,late down & late up | conflict
C5H16orf62,-0.421565093118897,-0.944555380980261,-0.973470192857413,-43.23299999999999,49.23336,-55.0853,"['down', 'down', 'down']","['down', 'up', 'down']","['decrease', 'expr_down_acc_up', 'decrease']","[['down', 'down'], ['down', 'up'], ['down', 'down']]","['down/down , decrease', 'down/up , expr_down_acc_up', 'down/down , decrease']","['down/down', 'down/up', 'down/down']",0,2,0,0,0,0,0,0,1,mixed,gradual down,late down,gradual down & late down,gradual down & late down | mixed
KNOP1,-0.936101030320378,-1.07303016536839,-1.09776817356173,0.00231,1.7580800000000003,0.8431300000000004,"['down', 'down', 'down']","['flat', 'up', 'up']","['expr_only_down', 'expr_down_acc_up', 'expr_down_acc_up']","[['down', 'flat'], ['down', 'up'], ['down', 'up']]","['down/flat , expr_only_down', 'down/up , expr_down_acc_up', 'down/up , expr_down_acc_up']","['down/flat', 'down/up', 'down/up']",0,0,0,0,1,0,0,0,2,conflict,gradual down,late down,gradual down & late down,gradual down & late down | conflict
IQCK,-0.412796829559772,-1.96763558402547,-2.53574807930862,2.415099999999999,0.91172,-7.000239999999999,"['down', 'down', 'down']","['up', 'up', 'down']","['expr_down_acc_up', 'expr_down_acc_up', 'decrease']","[['down', 'up'], ['down', 'up'], ['down', 'down']]","['down/up , expr_down_acc_up', 'down/up , expr_down_acc_up', 'down/down , decrease']","['down/up', 'down/up', 'down/down']",0,1,0,0,0,0,0,0,2,conflict,gradual down,gradual down,gradual down & gradual down,gradual down & gradual down | conflict
GPRC5B,-1.43773069405181,-2.63916402393913,-4.04457090612679,3.854,-0.1169799999999998,1.1514600000000002,"['down', 'down', 'down']","['up', 'flat', 'up']","['expr_down_acc_up', 'expr_only_down', 'expr_down_acc_up']","[['down', 'up'], ['down', 'flat'], ['down', 'up']]","['down/up , expr_down_acc_up', 'down/flat , expr_only_down', 'down/up , expr_down_acc_up']","['down/up', 'down/flat', 'down/up']",0,0,0,0,1,0,0,0,2,conflict,gradual down,late up,gradual down & late up,gradual down & late up | conflict
GPR139,1.36757117409464,2.21030863128629,-0.0434451993536125,9.730250000000002,-0.9633499999999996,-3.65429,"['up', 'up', 'down']","['up', 'down', 'down']","['increase', 'expr_up_acc_down', 'decrease']","[['up', 'up'], ['up', 'down'], ['down', 'down']]","['up/up , increase', 'up/down , expr_up_acc_down', 'down/down , decrease']","['up/up', 'up/down', 'down/down']",1,1,0,0,0,0,0,1,0,mixed,late down,gradual down,late down & gradual down,late down & gradual down | mixed
THUMPD1,0.0193607633553203,0.564848201318762,0.504575196666045,32.93799,4.29717,4.3794,"['up', 'up', 'up']","['up', 'up', 'up']","['increase', 'increase', 'increase']","[['up', 'up'], ['up', 'up'], ['up', 'up']]","['up/up , increase', 'up/up , increase', 'up/up , increase']","['up/up', 'up/up', 'up/up']",3,0,0,0,0,0,0,0,0,expr_acc_up,late down,flat,late down & flat,late down & flat | expr_acc_up
ACSM3,0.673841303794456,0.236975050240748,1.08357626476717,28.60746,2.48471,-12.92125,"['up', 'up', 'up']","['up', 'up', 'down']","['increase', 'increase', 'expr_up_acc_down']","[['up', 'up'], ['up', 'up'], ['up', 'down']]","['up/up , increase', 'up/up , increase', 'up/down , expr_up_acc_down']","['up/up', 'up/up', 'up/down']",2,0,0,0,0,0,0,1,0,mixed,late up,gradual down,late up & gradual down,late up & gradual down | mixed
ERI2,0.346328688169836,0.487168479920554,0.166697677738637,9.53973,-23.55372,-2.36672,"['up', 'up', 'up']","['up', 'down', 'down']","['increase', 'expr_up_acc_down', 'expr_up_acc_down']","[['up', 'up'], ['up', 'down'], ['up', 'down']]","['up/up , increase', 'up/down , expr_up_acc_down', 'up/down , expr_up_acc_down']","['up/up', 'up/down', 'up/down']",1,0,0,0,0,0,0,2,0,conflict,late down,late up,late down & late up,late down & late up | conflict
LOC103229308,0.537143992475927,0.099959790575257,0.268829729310012,9.53973,-23.55372,-2.36672,"['up', 'up', 'up']","['up', 'down', 'down']","['increase', 'expr_up_acc_down', 'expr_up_acc_down']","[['up', 'up'], ['up', 'down'], ['up', 'down']]","['up/up , increase', 'up/down , expr_up_acc_down', 'up/down , expr_up_acc_down']","['up/up', 'up/down', 'up/down']",1,0,0,0,0,0,0,2,0,conflict,late up,late up,late up & late up,late up & late up | conflict
DCUN1D3,0.664697415884708,1.1897760605177,1.68311701407587,-4.614179999999999,-2.9554,-2.05839,"['up', 'up', 'up']","['down', 'down', 'down']","['expr_up_acc_down', 'expr_up_acc_down', 'expr_up_acc_down']","[['up', 'down'], ['up', 'down'], ['up', 'down']]","['up/down , expr_up_acc_down', 'up/down , expr_up_acc_down', 'up/down , expr_up_acc_down']","['up/down', 'up/down', 'up/down']",0,0,0,0,0,0,0,3,0,conflict,gradual up,gradual up,gradual up & gradual up,gradual up & gradual up | conflict
LYRM1,1.05371554992012,1.8608505049214,2.46536203496161,2.31517,15.370679999999998,-0.2721899999999992,"['up', 'up', 'up']","['up', 'up', 'down']","['increase', 'increase', 'expr_up_acc_down']","[['up', 'up'], ['up', 'up'], ['up', 'down']]","['up/up , increase', 'up/up , increase', 'up/down , expr_up_acc_down']","['up/up', 'up/up', 'up/down']",2,0,0,0,0,0,0,1,0,mixed,gradual up,late down,gradual up & late down,gradual up & late down | mixed
TMEM159,0.0079400975298287,0.0115489411941008,-1.79996849170623,2.805600000000002,-8.6921,-3.96261,"['up', 'up', 'down']","['up', 'down', 'down']","['increase', 'expr_up_acc_down', 'decrease']","[['up', 'up'], ['up', 'down'], ['down', 'down']]","['up/up , increase', 'up/down , expr_up_acc_down', 'down/down , decrease']","['up/up', 'up/down', 'down/down']",1,1,0,0,0,0,0,1,0,mixed,flat,late up,flat & late up,flat & late up | mixed
LOC103229564,-0.421791117250773,-0.548612121032173,-0.862770091844785,-7.689500000000002,-9.8977,-6.3293,"['down', 'down', 'down']","['down', 'down', 'down']","['decrease', 'decrease', 'decrease']","[['down', 'down'], ['down', 'down'], ['down', 'down']]","['down/down , decrease', 'down/down , decrease', 'down/down , decrease']","['down/down', 'down/down', 'down/down']",0,3,0,0,0,0,0,0,0,expr_acc_down,gradual down,late up,gradual down & late up,gradual down & late up | expr_acc_down
LOC103229570,0.0,0.0,2.40178883633417,0.6764099999999997,1.09132,0.9973,"['flat', 'flat', 'up']","['up', 'up', 'up']","['acc_only_up', 'acc_only_up', 'increase']","[['flat', 'up'], ['flat', 'up'], ['up', 'up']]","['flat/up , acc_only_up', 'flat/up , acc_only_up', 'up/up , increase']","['flat/up', 'flat/up', 'up/up']",1,0,0,0,0,2,0,0,0,accessibility_only,flat,flat,flat & flat,flat & flat | accessibility_only
TRNAL-UAG,3.48843621730443,2.57295093121775,2.76834431496428,-1.1461000000000006,-2.707700000000001,-5.902989999999999,"['up', 'up', 'up']","['down', 'down', 'down']","['expr_up_acc_down', 'expr_up_acc_down', 'expr_up_acc_down']","[['up', 'down'], ['up', 'down'], ['up', 'down']]","['up/down , expr_up_acc_down', 'up/down , expr_up_acc_down', 'up/down , expr_up_acc_down']","['up/down', 'up/down', 'up/down']",0,0,0,0,0,0,0,3,0,conflict,late up,gradual down,late up & gradual down,late up & gradual down | conflict
EEF2K,-0.0080304902341281,0.0883306322270133,0.07552619106659,-45.7043,-18.883600000000005,-24.0925,"['down', 'up', 'up']","['down', 'down', 'down']","['decrease', 'expr_up_acc_down', 'expr_up_acc_down']","[['down', 'down'], ['up', 'down'], ['up', 'down']]","['down/down , decrease', 'up/down , expr_up_acc_down', 'up/down , expr_up_acc_down']","['down/down', 'up/down', 'up/down']",0,1,0,0,0,0,0,2,0,conflict,flat,late down,flat & late down,flat & late down | conflict
TRNAL-AAG,-0.120840656015419,3.58710780226495,2.5522514682025,0.2928699999999997,8.04732,-3.618089999999999,"['down', 'up', 'up']","['up', 'up', 'down']","['expr_down_acc_up', 'increase', 'expr_up_acc_down']","[['down', 'up'], ['up', 'up'], ['up', 'down']]","['down/up , expr_down_acc_up', 'up/up , increase', 'up/down , expr_up_acc_down']","['down/up', 'up/up', 'up/down']",1,0,0,0,0,0,0,1,1,conflict,late down,late down,late down & late down,late down & late down | conflict
POLR3E,0.2596544871285,0.406759938300527,0.446664130305118,0.2928699999999997,8.04732,-3.618089999999999,"['up', 'up', 'up']","['up', 'up', 'down']","['increase', 'increase', 'expr_up_acc_down']","[['up', 'up'], ['up', 'up'], ['up', 'down']]","['up/up , increase', 'up/up , increase', 'up/down , expr_up_acc_down']","['up/up', 'up/up', 'up/down']",2,0,0,0,0,0,0,1,0,mixed,gradual up,late down,gradual up & late down,gradual up & late down | mixed
CDR2,-0.84521503575716,-0.648626111963834,-1.21239588966063,-6.2483,-5.611490000000001,-1.25141,"['down', 'down', 'down']","['down', 'down', 'down']","['decrease', 'decrease', 'decrease']","[['down', 'down'], ['down', 'down'], ['down', 'down']]","['down/down , decrease', 'down/down , decrease', 'down/down , decrease']","['down/down', 'down/down', 'down/down']",0,3,0,0,0,0,0,0,0,expr_acc_down,late down,gradual up,late down & gradual up,late down & gradual up | expr_acc_down
METTL9,-1.0418086876396,-1.58047137997739,-2.33783014246983,-40.120900000000006,7.323460000000001,-23.33974,"['down', 'down', 'down']","['down', 'up', 'down']","['decrease', 'expr_down_acc_up', 'decrease']","[['down', 'down'], ['down', 'up'], ['down', 'down']]","['down/down , decrease', 'down/up , expr_down_acc_up', 'down/down , decrease']","['down/down', 'down/up', 'down/down']",0,2,0,0,0,0,0,0,1,mixed,gradual down,late down,gradual down & late down,gradual down & late down | mixed
OTOA,0.915914609090475,2.42490730652548,-0.0268157385821905,3.37282,0.7892399999999999,0.1903100000000002,"['up', 'up', 'down']","['up', 'up', 'up']","['increase', 'increase', 'expr_down_acc_up']","[['up', 'up'], ['up', 'up'], ['down', 'up']]","['up/up , increase', 'up/up , increase', 'down/up , expr_down_acc_up']","['up/up', 'up/up', 'down/up']",2,0,0,0,0,0,0,0,1,mixed,late down,gradual down,late down & gradual down,late down & gradual down | mixed
SCNN1G,-1.93921247769741,3.20484222734317,0.961955777914423,1.25521,-13.770220000000002,6.31977,"['down', 'up', 'up']","['up', 'down', 'up']","['expr_down_acc_up', 'expr_up_acc_down', 'increase']","[['down', 'up'], ['up', 'down'], ['up', 'up']]","['down/up , expr_down_acc_up', 'up/down , expr_up_acc_down', 'up/up , increase']","['down/up', 'up/down', 'up/up']",1,0,0,0,0,0,0,1,1,conflict,late down,late up,late down & late up,late down & late up | conflict
SCNN1B,1.29348855564223,-2.42483521291015,-2.49017619329221,3.854,0.7293700000000003,1.1514600000000002,"['up', 'down', 'down']","['up', 'up', 'up']","['increase', 'expr_down_acc_up', 'expr_down_acc_up']","[['up', 'up'], ['down', 'up'], ['down', 'up']]","['up/up , increase', 'down/up , expr_down_acc_up', 'down/up , expr_down_acc_up']","['up/up', 'down/up', 'down/up']",1,0,0,0,0,0,0,0,2,conflict,gradual down,late up,gradual down & late up,gradual down & late up | conflict
GGA2,0.0692459982605669,0.373454646068781,0.449724440900432,-2.0176800000000004,0.7892399999999999,-1.5778199999999996,"['up', 'up', 'up']","['down', 'up', 'down']","['expr_up_acc_down', 'increase', 'expr_up_acc_down']","[['up', 'down'], ['up', 'up'], ['up', 'down']]","['up/down , expr_up_acc_down', 'up/up , increase', 'up/down , expr_up_acc_down']","['up/down', 'up/up', 'up/down']",1,0,0,0,0,0,0,2,0,conflict,gradual up,late down,gradual up & late down,gradual up & late down | conflict
EARS2,0.458694641124712,0.137838254083614,0.460161000060521,-75.54149000000001,-71.34699,-0.6166699999999996,"['up', 'up', 'up']","['down', 'down', 'down']","['expr_up_acc_down', 'expr_up_acc_down', 'expr_up_acc_down']","[['up', 'down'], ['up', 'down'], ['up', 'down']]","['up/down , expr_up_acc_down', 'up/down , expr_up_acc_down', 'up/down , expr_up_acc_down']","['up/down', 'up/down', 'up/down']",0,0,0,0,0,0,0,3,0,conflict,late up,gradual up,late up & gradual up,late up & gradual up | conflict
UBFD1,-0.0068002217379385,-0.498761933240528,-0.214656896096848,-16.22050000000001,-41.9556,-40.9127,"['down', 'down', 'down']","['down', 'down', 'down']","['decrease', 'decrease', 'decrease']","[['down', 'down'], ['down', 'down'], ['down', 'down']]","['down/down , decrease', 'down/down , decrease', 'down/down , decrease']","['down/down', 'down/down', 'down/down']",0,3,0,0,0,0,0,0,0,expr_acc_down,late up,late up,late up & late up,late up & late up | expr_acc_down
NDUFAB1,-0.763733100531556,-0.510320751590098,-1.29898371851124,1.64107,6.41442,-0.1360899999999998,"['down', 'down', 'down']","['up', 'up', 'flat']","['expr_down_acc_up', 'expr_down_acc_up', 'expr_only_down']","[['down', 'up'], ['down', 'up'], ['down', 'flat']]","['down/up , expr_down_acc_up', 'down/up , expr_down_acc_up', 'down/flat , expr_only_down']","['down/up', 'down/up', 'down/flat']",0,0,0,0,1,0,0,0,2,conflict,late down,late down,late down & late down,late down & late down | conflict
PALB2,-0.127326453019,0.0278195885503844,-0.566922075562381,1.35051,12.703690000000002,6.80034,"['down', 'up', 'down']","['up', 'up', 'up']","['expr_down_acc_up', 'increase', 'expr_down_acc_up']","[['down', 'up'], ['up', 'up'], ['down', 'up']]","['down/up , expr_down_acc_up', 'up/up , increase', 'down/up , expr_down_acc_up']","['down/up', 'up/up', 'down/up']",1,0,0,0,0,0,0,0,2,conflict,late down,late down,late down & late down,late down & late down | conflict
LOC103229803,-0.283634486885603,-0.295799465831728,-0.164333153084982,-1.5365099999999998,-25.0558,-7.13631,"['down', 'down', 'down']","['down', 'down', 'down']","['decrease', 'decrease', 'decrease']","[['down', 'down'], ['down', 'down'], ['down', 'down']]","['down/down , decrease', 'down/down , decrease', 'down/down , decrease']","['down/down', 'down/down', 'down/down']",0,3,0,0,0,0,0,0,0,expr_acc_down,flat,late up,flat & late up,flat & late up | expr_acc_down
PLK1,-0.663899912812415,-0.661456355354135,-1.03659113852951,-0.76478,1.7580800000000003,-3.772309999999999,"['down', 'down', 'down']","['down', 'up', 'down']","['decrease', 'expr_down_acc_up', 'decrease']","[['down', 'down'], ['down', 'up'], ['down', 'down']]","['down/down , decrease', 'down/up , expr_down_acc_up', 'down/down , decrease']","['down/down', 'down/up', 'down/down']",0,2,0,0,0,0,0,0,1,mixed,flat,late down,flat & late down,flat & late down | mixed
ERN2,1.98963292378725,-0.667454689397949,-0.491424971843173,1.1575899999999997,-0.3591999999999999,-0.6166699999999996,"['up', 'down', 'down']","['up', 'down', 'down']","['increase', 'decrease', 'decrease']","[['up', 'up'], ['down', 'down'], ['down', 'down']]","['up/up , increase', 'down/down , decrease', 'down/down , decrease']","['up/up', 'down/down', 'down/down']",1,2,0,0,0,0,0,0,0,mixed,late up,gradual down,late up & gradual down,late up & gradual down | mixed
RBBP6,0.598524587609035,1.35725295247797,1.44860733594554,-31.4598,-23.251620000000003,-15.49642,"['up', 'up', 'up']","['down', 'down', 'down']","['expr_up_acc_down', 'expr_up_acc_down', 'expr_up_acc_down']","[['up', 'down'], ['up', 'down'], ['up', 'down']]","['up/down , expr_up_acc_down', 'up/down , expr_up_acc_down', 'up/down , expr_up_acc_down']","['up/down', 'up/down', 'up/down']",0,0,0,0,0,0,0,3,0,conflict,gradual up,gradual up,gradual up & gradual up,gradual up & gradual up | conflict
TNRC6A,0.352300006556005,0.2561449293241,0.224072730334353,-11.35058,-9.1793,5.512790000000001,"['up', 'up', 'up']","['down', 'down', 'up']","['expr_up_acc_down', 'expr_up_acc_down', 'increase']","[['up', 'down'], ['up', 'down'], ['up', 'up']]","['up/down , expr_up_acc_down', 'up/down , expr_up_acc_down', 'up/up , increase']","['up/down', 'up/down', 'up/up']",1,0,0,0,0,0,0,2,0,conflict,gradual down,gradual up,gradual down & gradual up,gradual down & gradual up | conflict
ARHGAP17,0.0043676988030188,0.393969885828437,0.69503924532219,-2.88471,-0.0571200000000002,-1.25141,"['flat', 'up', 'up']","['down', 'flat', 'down']","['acc_only_down', 'expr_only_up', 'expr_up_acc_down']","[['flat', 'down'], ['up', 'flat'], ['up', 'down']]","['flat/down , acc_only_down', 'up/flat , expr_only_up', 'up/down , expr_up_acc_down']","['flat/down', 'up/flat', 'up/down']",0,0,0,1,0,0,1,1,0,expression_only,gradual up,late down,gradual up & late down,gradual up & late down | expression_only
LCMT1,-0.223646783633096,-0.0215626289619307,-0.0975983200276731,-8.5472,-2.939,-8.28782,"['down', 'down', 'down']","['down', 'down', 'down']","['decrease', 'decrease', 'decrease']","[['down', 'down'], ['down', 'down'], ['down', 'down']]","['down/down , decrease', 'down/down , decrease', 'down/down , decrease']","['down/down', 'down/down', 'down/down']",0,3,0,0,0,0,0,0,0,expr_acc_down,late down,late down,late down & late down,late down & late down | expr_acc_down
ZKSCAN2,1.12833869877398,1.4571057582355,1.26375922776535,-4.130699999999999,6.35456,-1.7139099999999994,"['up', 'up', 'up']","['down', 'up', 'down']","['expr_up_acc_down', 'increase', 'expr_up_acc_down']","[['up', 'down'], ['up', 'up'], ['up', 'down']]","['up/down , expr_up_acc_down', 'up/up , increase', 'up/down , expr_up_acc_down']","['up/down', 'up/up', 'up/down']",1,0,0,0,0,0,0,2,0,conflict,late down,late down,late down & late down,late down & late down | conflict
KDM8,-0.261524026099944,-0.0742124814670554,-0.201775127938745,3.0962,-3.7853,-13.40185,"['down', 'down', 'down']","['up', 'down', 'down']","['expr_down_acc_up', 'decrease', 'decrease']","[['down', 'up'], ['down', 'down'], ['down', 'down']]","['down/up , expr_down_acc_up', 'down/down , decrease', 'down/down , decrease']","['down/up', 'down/down', 'down/down']",0,2,0,0,0,0,0,0,1,mixed,late down,gradual down,late down & gradual down,late down & gradual down | mixed
NSMCE1,-0.305832695190955,-0.358722702567704,-0.042681749211282,-0.2859300000000004,2.1200299999999994,0.67089,"['down', 'down', 'down']","['down', 'up', 'up']","['decrease', 'expr_down_acc_up', 'expr_down_acc_up']","[['down', 'down'], ['down', 'up'], ['down', 'up']]","['down/down , decrease', 'down/up , expr_down_acc_up', 'down/up , expr_down_acc_up']","['down/down', 'down/up', 'down/up']",0,1,0,0,0,0,0,0,2,conflict,late up,late down,late up & late down,late up & late down | conflict
IL4R,0.119129563285507,0.0817310920702305,0.241886852808063,-2.396600000000001,-12.98102,-7.154349999999999,"['up', 'up', 'up']","['down', 'down', 'down']","['expr_up_acc_down', 'expr_up_acc_down', 'expr_up_acc_down']","[['up', 'down'], ['up', 'down'], ['up', 'down']]","['up/down , expr_up_acc_down', 'up/down , expr_up_acc_down', 'up/down , expr_up_acc_down']","['up/down', 'up/down', 'up/down']",0,0,0,0,0,0,0,3,0,conflict,late up,late up,late up & late up,late up & late up | conflict
IL21R,0.0,-0.666306628929285,0.0,1.54344,1.81795,0.3444800000000003,"['flat', 'down', 'flat']","['up', 'up', 'up']","['acc_only_up', 'expr_down_acc_up', 'acc_only_up']","[['flat', 'up'], ['down', 'up'], ['flat', 'up']]","['flat/up , acc_only_up', 'down/up , expr_down_acc_up', 'flat/up , acc_only_up']","['flat/up', 'down/up', 'flat/up']",0,0,0,0,0,2,0,0,1,accessibility_only,late up,late down,late up & late down,late up & late down | accessibility_only
GTF3C1,-0.507194845974019,-0.401276130425985,-0.502647446791316,-0.0929999999999999,2.3023700000000007,-1.25141,"['down', 'down', 'down']","['flat', 'up', 'down']","['expr_only_down', 'expr_down_acc_up', 'decrease']","[['down', 'flat'], ['down', 'up'], ['down', 'down']]","['down/flat , expr_only_down', 'down/up , expr_down_acc_up', 'down/down , decrease']","['down/flat', 'down/up', 'down/down']",0,1,0,0,1,0,0,0,1,mixed,late down,late down,late down & late down,late down & late down | mixed
KIAA0556,-0.0281855261155063,-0.190299807445207,0.182000162606046,-4.4141999999999975,-1.257200000000001,-5.7307,"['down', 'down', 'up']","['down', 'down', 'down']","['decrease', 'decrease', 'expr_up_acc_down']","[['down', 'down'], ['down', 'down'], ['up', 'down']]","['down/down , decrease', 'down/down , decrease', 'up/down , expr_up_acc_down']","['down/down', 'down/down', 'up/down']",0,2,0,0,0,0,0,1,0,mixed,late up,late down,late up & late down,late up & late down | mixed
GSG1L,-1.86913702502928,-1.71210032349972,0.0,0.6764099999999997,1.09132,-1.5778199999999996,"['down', 'down', 'flat']","['up', 'up', 'down']","['expr_down_acc_up', 'expr_down_acc_up', 'acc_only_down']","[['down', 'up'], ['down', 'up'], ['flat', 'down']]","['down/up , expr_down_acc_up', 'down/up , expr_down_acc_up', 'flat/down , acc_only_down']","['down/up', 'down/up', 'flat/down']",0,0,0,0,0,0,1,0,2,conflict,gradual up,late down,gradual up & late down,gradual up & late down | conflict
LOC103230222,-0.470048760131161,0.659705795596269,0.644905749796322,1.1575899999999997,0.7293700000000003,-0.6166699999999996,"['down', 'up', 'up']","['up', 'up', 'down']","['expr_down_acc_up', 'increase', 'expr_up_acc_down']","[['down', 'up'], ['up', 'up'], ['up', 'down']]","['down/up , expr_down_acc_up', 'up/up , increase', 'up/down , expr_up_acc_down']","['down/up', 'up/up', 'up/down']",1,0,0,0,0,0,0,1,1,conflict,flat,gradual down,flat & gradual down,flat & gradual down | conflict
XPO6,0.627297826892883,0.62239141059343,0.740149806701236,2.50579,-0.66127,-0.6166699999999996,"['up', 'up', 'up']","['up', 'down', 'down']","['increase', 'expr_up_acc_down', 'expr_up_acc_down']","[['up', 'up'], ['up', 'down'], ['up', 'down']]","['up/up , increase', 'up/down , expr_up_acc_down', 'up/down , expr_up_acc_down']","['up/up', 'up/down', 'up/down']",1,0,0,0,0,0,0,2,0,conflict,flat,flat,flat & flat,flat & flat | conflict
SBK1,-0.763387742794656,-1.82441111226223,-0.956282138325272,1.35051,3.14873,0.1903100000000002,"['down', 'down', 'down']","['up', 'up', 'up']","['expr_down_acc_up', 'expr_down_acc_up', 'expr_down_acc_up']","[['down', 'up'], ['down', 'up'], ['down', 'up']]","['down/up , expr_down_acc_up', 'down/up , expr_down_acc_up', 'down/up , expr_down_acc_up']","['down/up', 'down/up', 'down/up']",0,0,0,0,0,0,0,0,3,conflict,late up,late down,late up & late down,late up & late down | conflict
LAT,0.344342416439657,0.829303778726628,1.8370883831834,0.1952399999999996,1.2736600000000005,0.9973,"['up', 'up', 'up']","['up', 'up', 'up']","['increase', 'increase', 'increase']","[['up', 'up'], ['up', 'up'], ['up', 'up']]","['up/up , increase', 'up/up , increase', 'up/up , increase']","['up/up', 'up/up', 'up/up']",3,0,0,0,0,0,0,0,0,expr_acc_up,gradual up,late down,gradual up & late down,gradual up & late down | expr_acc_up
SPNS1,0.0215742647923506,-0.407612546752509,-0.160687098157788,-0.0929999999999999,0.1252200000000005,-1.3874899999999997,"['up', 'down', 'down']","['flat', 'flat', 'down']","['expr_only_up', 'expr_only_down', 'decrease']","[['up', 'flat'], ['down', 'flat'], ['down', 'down']]","['up/flat , expr_only_up', 'down/flat , expr_only_down', 'down/down , decrease']","['up/flat', 'down/flat', 'down/down']",0,1,0,1,1,0,0,0,0,mixed,late up,flat,late up & flat,late up & flat | mixed
NFATC2IP,0.0814033612194393,0.398067623791374,0.432861350073611,-1.2482700000000009,0.5470299999999999,-2.05839,"['up', 'up', 'up']","['down', 'up', 'down']","['expr_up_acc_down', 'increase', 'expr_up_acc_down']","[['up', 'down'], ['up', 'up'], ['up', 'down']]","['up/down , expr_up_acc_down', 'up/up , increase', 'up/down , expr_up_acc_down']","['up/down', 'up/up', 'up/down']",1,0,0,0,0,0,0,2,0,conflict,gradual up,late down,gradual up & late down,gradual up & late down | conflict
RABEP2,-0.528857078063849,-0.23631867828334,0.0867179145758886,-4.793200000000002,-5.9026,-6.34737,"['down', 'down', 'up']","['down', 'down', 'down']","['decrease', 'decrease', 'expr_up_acc_down']","[['down', 'down'], ['down', 'down'], ['up', 'down']]","['down/down , decrease', 'down/down , decrease', 'up/down , expr_up_acc_down']","['down/down', 'down/down', 'up/down']",0,2,0,0,0,0,0,1,0,mixed,gradual up,gradual down,gradual up & gradual down,gradual up & gradual down | mixed
ATP2A1,2.4751466609722,2.23352237801387,2.13976630639229,2.02461,2.66431,3.0918400000000004,"['up', 'up', 'up']","['up', 'up', 'up']","['increase', 'increase', 'increase']","[['up', 'up'], ['up', 'up'], ['up', 'up']]","['up/up , increase', 'up/up , increase', 'up/up , increase']","['up/up', 'up/up', 'up/up']",3,0,0,0,0,0,0,0,0,expr_acc_up,gradual down,gradual up,gradual down & gradual up,gradual down & gradual up | expr_acc_up
SH2B1,-0.286774997461973,-0.302689961426891,-0.150399181308652,0.8693399999999998,-0.8408699999999998,-1.25141,"['down', 'down', 'down']","['up', 'down', 'down']","['expr_down_acc_up', 'decrease', 'decrease']","[['down', 'up'], ['down', 'down'], ['down', 'down']]","['down/up , expr_down_acc_up', 'down/down , decrease', 'down/down , decrease']","['down/up', 'down/down', 'down/down']",0,2,0,0,0,0,0,0,1,mixed,flat,gradual down,flat & gradual down,flat & gradual down | mixed
TUFM,-0.566018580583456,-0.650030408051099,-1.64528664296167,35.153220000000005,14.33921,3.109910000000001,"['down', 'down', 'down']","['up', 'up', 'up']","['expr_down_acc_up', 'expr_down_acc_up', 'expr_down_acc_up']","[['down', 'up'], ['down', 'up'], ['down', 'up']]","['down/up , expr_down_acc_up', 'down/up , expr_down_acc_up', 'down/up , expr_down_acc_up']","['down/up', 'down/up', 'down/up']",0,0,0,0,0,0,0,0,3,conflict,gradual down,gradual down,gradual down & gradual down,gradual down & gradual down | conflict
ATXN2L,0.245231807095882,0.403605136458592,0.624130334384782,21.76653,0.6096499999999994,-0.9249999999999998,"['up', 'up', 'up']","['up', 'up', 'down']","['increase', 'increase', 'expr_up_acc_down']","[['up', 'up'], ['up', 'up'], ['up', 'down']]","['up/up , increase', 'up/up , increase', 'up/down , expr_up_acc_down']","['up/up', 'up/up', 'up/down']",2,0,0,0,0,0,0,1,0,mixed,gradual up,gradual down,gradual up & gradual down,gradual up & gradual down | mixed
LOC103230378,-0.628770376794685,-0.598608314263976,-1.04078424521121,1.5457600000000005,3.75288,-2.21256,"['down', 'down', 'down']","['up', 'up', 'down']","['expr_down_acc_up', 'expr_down_acc_up', 'decrease']","[['down', 'up'], ['down', 'up'], ['down', 'down']]","['down/up , expr_down_acc_up', 'down/up , expr_down_acc_up', 'down/down , decrease']","['down/up', 'down/up', 'down/down']",0,1,0,0,0,0,0,0,2,conflict,late down,late down,late down & late down,late down & late down | conflict
CLN3,-0.216632442561561,-0.293753256293656,0.387204308300121,-2.30358,2.1798900000000003,0.1903100000000002,"['down', 'down', 'up']","['down', 'up', 'up']","['decrease', 'expr_down_acc_up', 'increase']","[['down', 'down'], ['down', 'up'], ['up', 'up']]","['down/down , decrease', 'down/up , expr_down_acc_up', 'up/up , increase']","['down/down', 'down/up', 'up/up']",1,1,0,0,0,0,0,0,1,mixed,late up,late down,late up & late down,late up & late down | mixed
APOBR,2.83905395041279,2.332652414393,3.15066047648087,-0.47886,0.7892399999999999,0.67089,"['up', 'up', 'up']","['down', 'up', 'up']","['expr_up_acc_down', 'increase', 'increase']","[['up', 'down'], ['up', 'up'], ['up', 'up']]","['up/down , expr_up_acc_down', 'up/up , increase', 'up/up , increase']","['up/down', 'up/up', 'up/up']",2,0,0,0,0,0,0,1,0,mixed,late up,flat,late up & flat,late up & flat | mixed
LOC103231885,-0.635109012860324,-0.455825769856729,0.0776613605697781,0.7786000000000008,0.3701800000000004,-3.01954,"['down', 'down', 'up']","['up', 'up', 'down']","['expr_down_acc_up', 'expr_down_acc_up', 'expr_up_acc_down']","[['down', 'up'], ['down', 'up'], ['up', 'down']]","['down/up , expr_down_acc_up', 'down/up , expr_down_acc_up', 'up/down , expr_up_acc_down']","['down/up', 'down/up', 'up/down']",0,0,0,0,0,0,0,1,2,conflict,gradual up,gradual down,gradual up & gradual down,gradual up & gradual down | conflict
LOC103230487,2.27656238414276,2.9482882916337,1.96350774490483,-0.7671000000000001,0.91172,0.8431300000000004,"['up', 'up', 'up']","['down', 'up', 'up']","['expr_up_acc_down', 'increase', 'increase']","[['up', 'down'], ['up', 'up'], ['up', 'up']]","['up/down , expr_up_acc_down', 'up/up , increase', 'up/up , increase']","['up/down', 'up/up', 'up/up']",2,0,0,0,0,0,0,1,0,mixed,late down,flat,late down & flat,late down & flat | mixed
LOC103230504,2.60340106367991,1.46185708339839,-0.623017553527201,1.1575899999999997,1.2138,2.7654300000000003,"['up', 'up', 'down']","['up', 'up', 'up']","['increase', 'increase', 'expr_down_acc_up']","[['up', 'up'], ['up', 'up'], ['down', 'up']]","['up/up , increase', 'up/up , increase', 'down/up , expr_down_acc_up']","['up/up', 'up/up', 'down/up']",2,0,0,0,0,0,0,0,1,mixed,gradual down,flat,gradual down & flat,gradual down & flat | mixed
LOC103231890,1.5096756040514,1.8165058126525,1.93428353831052,-3.46119,-2.29139,-2.8473,"['up', 'up', 'up']","['down', 'down', 'down']","['expr_up_acc_down', 'expr_up_acc_down', 'expr_up_acc_down']","[['up', 'down'], ['up', 'down'], ['up', 'down']]","['up/down , expr_up_acc_down', 'up/down , expr_up_acc_down', 'up/down , expr_up_acc_down']","['up/down', 'up/down', 'up/down']",0,0,0,0,0,0,0,3,0,conflict,gradual up,late down,gradual up & late down,gradual up & late down | conflict
SLX1A,0.76452684512494,1.17650514788059,1.16450370639674,-18.08929,0.4871699999999999,-10.50031,"['up', 'up', 'up']","['down', 'up', 'down']","['expr_up_acc_down', 'increase', 'expr_up_acc_down']","[['up', 'down'], ['up', 'up'], ['up', 'down']]","['up/down , expr_up_acc_down', 'up/up , increase', 'up/down , expr_up_acc_down']","['up/down', 'up/up', 'up/down']",1,0,0,0,0,0,0,2,0,conflict,flat,late down,flat & late down,flat & late down | conflict
BOLA2B,-0.706011946001161,-0.353264230318455,-0.151107289922802,1.459699999999998,-40.5188,-10.50031,"['down', 'down', 'down']","['up', 'down', 'down']","['expr_down_acc_up', 'decrease', 'decrease']","[['down', 'up'], ['down', 'down'], ['down', 'down']]","['down/up , expr_down_acc_up', 'down/down , decrease', 'down/down , decrease']","['down/up', 'down/down', 'down/down']",0,2,0,0,0,0,0,0,1,mixed,gradual up,late up,gradual up & late up,gradual up & late up | mixed
CORO1A,0.0746456454651294,-0.0150201760987301,-0.490393583563876,-5.77173,1.2138,-0.44442,"['up', 'down', 'down']","['down', 'up', 'down']","['expr_up_acc_down', 'expr_down_acc_up', 'decrease']","[['up', 'down'], ['down', 'up'], ['down', 'down']]","['up/down , expr_up_acc_down', 'down/up , expr_down_acc_up', 'down/down , decrease']","['up/down', 'down/up', 'down/down']",0,1,0,0,0,0,0,1,1,conflict,gradual down,late down,gradual down & late down,gradual down & late down | conflict
MAPK3,2.14314663931139,1.73944570507997,4.41471682213446,1.0622699999999998,3.4508,1.1514600000000002,"['up', 'up', 'up']","['up', 'up', 'up']","['increase', 'increase', 'increase']","[['up', 'up'], ['up', 'up'], ['up', 'up']]","['up/up , increase', 'up/up , increase', 'up/up , increase']","['up/up', 'up/up', 'up/up']",3,0,0,0,0,0,0,0,0,expr_acc_up,late up,late down,late up & late down,late up & late down | expr_acc_up
YPEL3,0.135568915686335,0.202481571873602,0.743310171903066,2.02461,1.0940700000000003,-1.88615,"['up', 'up', 'up']","['up', 'up', 'down']","['increase', 'increase', 'expr_up_acc_down']","[['up', 'up'], ['up', 'up'], ['up', 'down']]","['up/up , increase', 'up/up , increase', 'up/down , expr_up_acc_down']","['up/up', 'up/up', 'up/down']",2,0,0,0,0,0,0,1,0,mixed,gradual up,gradual down,gradual up & gradual down,gradual up & gradual down | mixed
TBX6,1.41331542123744,4.39925705839501,6.40376005332672,1.450429999999999,-4.525640000000001,1.4959500000000006,"['up', 'up', 'up']","['up', 'down', 'up']","['increase', 'expr_up_acc_down', 'increase']","[['up', 'up'], ['up', 'down'], ['up', 'up']]","['up/up , increase', 'up/down , expr_up_acc_down', 'up/up , increase']","['up/up', 'up/down', 'up/up']",2,0,0,0,0,0,0,1,0,mixed,gradual up,late up,gradual up & late up,gradual up & late up | mixed
PPP4C,-0.056959544574046,-0.0165572317916412,0.0069420036699375,3.1798999999999995,1.4560000000000004,-1.5778199999999996,"['down', 'down', 'up']","['up', 'up', 'down']","['expr_down_acc_up', 'expr_down_acc_up', 'expr_up_acc_down']","[['down', 'up'], ['down', 'up'], ['up', 'down']]","['down/up , expr_down_acc_up', 'down/up , expr_down_acc_up', 'up/down , expr_up_acc_down']","['down/up', 'down/up', 'up/down']",0,0,0,0,0,0,0,1,2,conflict,gradual up,gradual down,gradual up & gradual down,gradual up & gradual down | conflict
ALDOA,-0.777702415683019,-0.851707764911538,-1.56259567499572,1.25521,-0.4190599999999995,0.3444800000000003,"['down', 'down', 'down']","['up', 'down', 'up']","['expr_down_acc_up', 'decrease', 'expr_down_acc_up']","[['down', 'up'], ['down', 'down'], ['down', 'up']]","['down/up , expr_down_acc_up', 'down/down , decrease', 'down/up , expr_down_acc_up']","['down/up', 'down/down', 'down/up']",0,1,0,0,0,0,0,0,2,conflict,gradual down,late up,gradual down & late up,gradual down & late up | conflict
LOC103230570,1.29990264354703,0.655763683520365,0.95093803508017,-0.7671000000000001,-5.31214,-2.8473,"['up', 'up', 'up']","['down', 'down', 'down']","['expr_up_acc_down', 'expr_up_acc_down', 'expr_up_acc_down']","[['up', 'down'], ['up', 'down'], ['up', 'down']]","['up/down , expr_up_acc_down', 'up/down , expr_up_acc_down', 'up/down , expr_up_acc_down']","['up/down', 'up/down', 'up/down']",0,0,0,0,0,0,0,3,0,conflict,late up,late up,late up & late up,late up & late up | conflict
FAM57B,-0.237191436876492,-0.344873465553017,0.201218057929952,1.54344,-1.92944,-0.7708399999999997,"['down', 'down', 'up']","['up', 'down', 'down']","['expr_down_acc_up', 'decrease', 'expr_up_acc_down']","[['down', 'up'], ['down', 'down'], ['up', 'down']]","['down/up , expr_down_acc_up', 'down/down , decrease', 'up/down , expr_up_acc_down']","['down/up', 'down/down', 'up/down']",0,1,0,0,0,0,0,1,1,conflict,late up,late up,late up & late up,late up & late up | conflict
DOC2A,-0.94876752728268,-0.795728220586356,-1.70936647002889,-0.7671000000000001,0.4273000000000002,-0.2902599999999999,"['down', 'down', 'down']","['down', 'up', 'down']","['decrease', 'expr_down_acc_up', 'decrease']","[['down', 'down'], ['down', 'up'], ['down', 'down']]","['down/down , decrease', 'down/up , expr_down_acc_up', 'down/down , decrease']","['down/down', 'down/up', 'down/down']",0,2,0,0,0,0,0,0,1,mixed,late down,late down,late down & late down,late down & late down | mixed
INO80E,-0.302549493007529,-0.355195526054035,0.357994721541565,2.41048,1.7580800000000003,-2.8473,"['down', 'down', 'up']","['up', 'up', 'down']","['expr_down_acc_up', 'expr_down_acc_up', 'expr_up_acc_down']","[['down', 'up'], ['down', 'up'], ['up', 'down']]","['down/up , expr_down_acc_up', 'down/up , expr_down_acc_up', 'up/down , expr_up_acc_down']","['down/up', 'down/up', 'up/down']",0,0,0,0,0,0,0,1,2,conflict,late up,gradual down,late up & gradual down,late up & gradual down | conflict
HIRIP3,-0.436018027549285,0.478366516703458,0.420293406920114,27.83574,4.123000000000001,2.166880000000001,"['down', 'up', 'up']","['up', 'up', 'up']","['expr_down_acc_up', 'increase', 'increase']","[['down', 'up'], ['up', 'up'], ['up', 'up']]","['down/up , expr_down_acc_up', 'up/up , increase', 'up/up , increase']","['down/up', 'up/up', 'up/up']",2,0,0,0,0,0,0,0,1,mixed,late down,gradual down,late down & gradual down,late down & gradual down | mixed
TAOK2,2.52996279797641,2.34664066350532,2.54712644289714,1.0622699999999998,-2.23151,3.0918400000000004,"['up', 'up', 'up']","['up', 'down', 'up']","['increase', 'expr_up_acc_down', 'increase']","[['up', 'up'], ['up', 'down'], ['up', 'up']]","['up/up , increase', 'up/down , expr_up_acc_down', 'up/up , increase']","['up/up', 'up/down', 'up/up']",2,0,0,0,0,0,0,1,0,mixed,late up,late up,late up & late up,late up & late up | mixed
TMEM219,-0.004175408402613,-0.785551848310522,-0.820887193429775,-15.77869,-0.1768599999999995,-1.7319899999999997,"['flat', 'down', 'down']","['down', 'flat', 'down']","['acc_only_down', 'expr_only_down', 'decrease']","[['flat', 'down'], ['down', 'flat'], ['down', 'down']]","['flat/down , acc_only_down', 'down/flat , expr_only_down', 'down/down , decrease']","['flat/down', 'down/flat', 'down/down']",0,1,0,0,1,0,1,0,0,mixed,gradual down,late down,gradual down & late down,gradual down & late down | mixed
KCTD13,0.844702874841991,0.801065937857347,1.14097307384291,-7.966100000000001,-9.9438,-21.87999,"['up', 'up', 'up']","['down', 'down', 'down']","['expr_up_acc_down', 'expr_up_acc_down', 'expr_up_acc_down']","[['up', 'down'], ['up', 'down'], ['up', 'down']]","['up/down , expr_up_acc_down', 'up/down , expr_up_acc_down', 'up/down , expr_up_acc_down']","['up/down', 'up/down', 'up/down']",0,0,0,0,0,0,0,3,0,conflict,late up,gradual down,late up & gradual down,late up & gradual down | conflict
SEZ6L2,0.795616218595901,1.71133047102427,2.41904958092829,-0.47886,1.5158799999999997,-0.2902599999999999,"['up', 'up', 'up']","['down', 'up', 'down']","['expr_up_acc_down', 'increase', 'expr_up_acc_down']","[['up', 'down'], ['up', 'up'], ['up', 'down']]","['up/down , expr_up_acc_down', 'up/up , increase', 'up/down , expr_up_acc_down']","['up/down', 'up/up', 'up/down']",1,0,0,0,0,0,0,2,0,conflict,gradual up,late down,gradual up & late down,gradual up & late down | conflict
LOC103230741,-0.252431010034506,-0.0802060925824901,-0.0071252548420349,-0.47886,-11.47334,-12.15047,"['down', 'down', 'down']","['down', 'down', 'down']","['decrease', 'decrease', 'decrease']","[['down', 'down'], ['down', 'down'], ['down', 'down']]","['down/down , decrease', 'down/down , decrease', 'down/down , decrease']","['down/down', 'down/down', 'down/down']",0,3,0,0,0,0,0,0,0,expr_acc_down,gradual up,gradual down,gradual up & gradual down,gradual up & gradual down | expr_acc_down
CDIPT,-0.542754332920936,-0.528975057908943,-1.05105744594239,-4.225999999999999,-5.4862,-8.115549999999999,"['down', 'down', 'down']","['down', 'down', 'down']","['decrease', 'decrease', 'decrease']","[['down', 'down'], ['down', 'down'], ['down', 'down']]","['down/down , decrease', 'down/down , decrease', 'down/down , decrease']","['down/down', 'down/down', 'down/down']",0,3,0,0,0,0,0,0,0,expr_acc_down,flat,gradual down,flat & gradual down,flat & gradual down | expr_acc_down
MVP,-1.03524283008075,-1.647155859773,-1.94241716151989,14.1584,0.4871699999999999,1.95845,"['down', 'down', 'down']","['up', 'up', 'up']","['expr_down_acc_up', 'expr_down_acc_up', 'expr_down_acc_up']","[['down', 'up'], ['down', 'up'], ['down', 'up']]","['down/up , expr_down_acc_up', 'down/up , expr_down_acc_up', 'down/up , expr_down_acc_up']","['down/up', 'down/up', 'down/up']",0,0,0,0,0,0,0,0,3,conflict,gradual down,late up,gradual down & late up,gradual down & late up | conflict
PAGR1,-0.434876277191334,0.468755800220853,0.0404211743359488,4.053799999999999,-7.124619999999999,-3.32787,"['down', 'up', 'up']","['up', 'down', 'down']","['expr_down_acc_up', 'expr_up_acc_down', 'expr_up_acc_down']","[['down', 'up'], ['up', 'down'], ['up', 'down']]","['down/up , expr_down_acc_up', 'up/down , expr_up_acc_down', 'up/down , expr_up_acc_down']","['down/up', 'up/down', 'up/down']",0,0,0,0,0,0,0,2,1,conflict,late down,late up,late down & late up,late down & late up | conflict
PRRT2,0.0,0.0,2.40178883633417,2.50579,2.4220999999999995,0.67089,"['flat', 'flat', 'up']","['up', 'up', 'up']","['acc_only_up', 'acc_only_up', 'increase']","[['flat', 'up'], ['flat', 'up'], ['up', 'up']]","['flat/up , acc_only_up', 'flat/up , acc_only_up', 'up/up , increase']","['flat/up', 'flat/up', 'up/up']",1,0,0,0,0,2,0,0,0,accessibility_only,flat,flat,flat & flat,flat & flat | accessibility_only
MAZ,-0.43298548173327,-0.654867625952624,-0.861868957499929,16.37373,13.73234,-3.65429,"['down', 'down', 'down']","['up', 'up', 'down']","['expr_down_acc_up', 'expr_down_acc_up', 'decrease']","[['down', 'up'], ['down', 'up'], ['down', 'down']]","['down/up , expr_down_acc_up', 'down/up , expr_down_acc_up', 'down/down , decrease']","['down/up', 'down/up', 'down/down']",0,1,0,0,0,0,0,0,2,conflict,gradual down,gradual down,gradual down & gradual down,gradual down & gradual down | conflict
KIF22,0.035426200349117,0.239659064752026,0.0168177780963368,-8.84707,4.41964,-5.55854,"['up', 'up', 'up']","['down', 'up', 'down']","['expr_up_acc_down', 'increase', 'expr_up_acc_down']","[['up', 'down'], ['up', 'up'], ['up', 'down']]","['up/down , expr_up_acc_down', 'up/up , increase', 'up/down , expr_up_acc_down']","['up/down', 'up/up', 'up/down']",1,0,0,0,0,0,0,2,0,conflict,late down,late down,late down & late down,late down & late down | conflict
C5H16orf54,1.62704505874229,1.56252552213021,1.96090907360802,-0.2859300000000004,0.9715900000000004,2.7654300000000003,"['up', 'up', 'up']","['down', 'up', 'up']","['expr_up_acc_down', 'increase', 'increase']","[['up', 'down'], ['up', 'up'], ['up', 'up']]","['up/down , expr_up_acc_down', 'up/up , increase', 'up/up , increase']","['up/down', 'up/up', 'up/up']",2,0,0,0,0,0,0,1,0,mixed,late up,gradual up,late up & gradual up,late up & gradual up | mixed
QPRT,0.0,-0.814513108826019,0.0,0.4834899999999997,-0.9633499999999996,0.1903100000000002,"['flat', 'down', 'flat']","['up', 'down', 'up']","['acc_only_up', 'decrease', 'acc_only_up']","[['flat', 'up'], ['down', 'down'], ['flat', 'up']]","['flat/up , acc_only_up', 'down/down , decrease', 'flat/up , acc_only_up']","['flat/up', 'down/down', 'flat/up']",0,1,0,0,0,2,0,0,0,accessibility_only,late up,late up,late up & late up,late up & late up | accessibility_only
CD2BP2,-1.14191019292173,-0.99943711218506,-0.735782454692757,-28.5705,-40.23319,7.453200000000001,"['down', 'down', 'down']","['down', 'down', 'up']","['decrease', 'decrease', 'expr_down_acc_up']","[['down', 'down'], ['down', 'down'], ['down', 'up']]","['down/down , decrease', 'down/down , decrease', 'down/up , expr_down_acc_up']","['down/down', 'down/down', 'down/up']",0,2,0,0,0,0,0,0,1,mixed,gradual up,late up,gradual up & late up,gradual up & late up | mixed
LOC103230873,-0.503993903645141,0.102905216777094,-0.618865284502574,-28.5705,-37.51176,-13.2115,"['down', 'up', 'down']","['down', 'down', 'down']","['decrease', 'expr_up_acc_down', 'decrease']","[['down', 'down'], ['up', 'down'], ['down', 'down']]","['down/down , decrease', 'up/down , expr_up_acc_down', 'down/down , decrease']","['down/down', 'up/down', 'down/down']",0,2,0,0,0,0,0,1,0,mixed,late down,late up,late down & late up,late down & late up | mixed
SEPT1,-0.041721675164422,0.148780464913473,0.40978869839838,-1.7248,-23.0638,4.071060000000001,"['down', 'up', 'up']","['down', 'down', 'up']","['decrease', 'expr_up_acc_down', 'increase']","[['down', 'down'], ['up', 'down'], ['up', 'up']]","['down/down , decrease', 'up/down , expr_up_acc_down', 'up/up , increase']","['down/down', 'up/down', 'up/up']",1,1,0,0,0,0,0,1,0,mixed,gradual up,late up,gradual up & late up,gradual up & late up | mixed
ZNF48,-0.115334516053989,0.187788250130376,0.0743629373068174,2.8033,0.0681099999999998,-4.76959,"['down', 'up', 'up']","['up', 'flat', 'down']","['expr_down_acc_up', 'expr_only_up', 'expr_up_acc_down']","[['down', 'up'], ['up', 'flat'], ['up', 'down']]","['down/up , expr_down_acc_up', 'up/flat , expr_only_up', 'up/down , expr_up_acc_down']","['down/up', 'up/flat', 'up/down']",0,0,0,1,0,0,0,1,1,conflict,late down,gradual down,late down & gradual down,late down & gradual down | conflict
ZNF771,-1.09125584581724,-0.32743385580378,0.304877361636294,-25.1,-19.4987,-3.4459,"['down', 'down', 'up']","['down', 'down', 'down']","['decrease', 'decrease', 'expr_up_acc_down']","[['down', 'down'], ['down', 'down'], ['up', 'down']]","['down/down , decrease', 'down/down , decrease', 'up/down , expr_up_acc_down']","['down/down', 'down/down', 'up/down']",0,2,0,0,0,0,0,1,0,mixed,gradual up,gradual up,gradual up & gradual up,gradual up & gradual up | mixed
DCTPP1,-0.297711213639581,-0.967285274304072,-1.79680296552276,-7.180599999999998,-48.38919,-8.78647,"['down', 'down', 'down']","['down', 'down', 'down']","['decrease', 'decrease', 'decrease']","[['down', 'down'], ['down', 'down'], ['down', 'down']]","['down/down , decrease', 'down/down , decrease', 'down/down , decrease']","['down/down', 'down/down', 'down/down']",0,3,0,0,0,0,0,0,0,expr_acc_down,gradual down,late up,gradual down & late up,gradual down & late up | expr_acc_down
SEPHS2,0.0494606158945851,0.49345911720452,0.15833261264377,1.6456999999999995,-3.0125200000000003,-1.88615,"['up', 'up', 'up']","['up', 'down', 'down']","['increase', 'expr_up_acc_down', 'expr_up_acc_down']","[['up', 'up'], ['up', 'down'], ['up', 'down']]","['up/up , increase', 'up/down , expr_up_acc_down', 'up/down , expr_up_acc_down']","['up/up', 'up/down', 'up/down']",1,0,0,0,0,0,0,2,0,conflict,late down,late up,late down & late up,late down & late up | conflict
ITGAL,0.825633424255217,0.929988457334264,1.56623827944602,-0.0929999999999999,1.2138,-0.5985899999999997,"['up', 'up', 'up']","['flat', 'up', 'down']","['expr_only_up', 'increase', 'expr_up_acc_down']","[['up', 'flat'], ['up', 'up'], ['up', 'down']]","['up/flat , expr_only_up', 'up/up , increase', 'up/down , expr_up_acc_down']","['up/flat', 'up/up', 'up/down']",1,0,0,1,0,0,0,1,0,mixed,gradual up,late down,gradual up & late down,gradual up & late down | mixed
LOC103230939,0.495818746663458,0.904989504695869,0.262846753942661,-7.50349,1.2138,-0.2902599999999999,"['up', 'up', 'up']","['down', 'up', 'down']","['expr_up_acc_down', 'increase', 'expr_up_acc_down']","[['up', 'down'], ['up', 'up'], ['up', 'down']]","['up/down , expr_up_acc_down', 'up/up , increase', 'up/down , expr_up_acc_down']","['up/down', 'up/up', 'up/down']",1,0,0,0,0,0,0,2,0,conflict,late down,late down,late down & late down,late down & late down | conflict
LOC103230963,0.768906437558176,1.56884051783991,0.946647290521776,2.69872,-0.7810100000000002,-0.6166699999999996,"['up', 'up', 'up']","['up', 'down', 'down']","['increase', 'expr_up_acc_down', 'expr_up_acc_down']","[['up', 'up'], ['up', 'down'], ['up', 'down']]","['up/up , increase', 'up/down , expr_up_acc_down', 'up/down , expr_up_acc_down']","['up/up', 'up/down', 'up/down']",1,0,0,0,0,0,0,2,0,conflict,late down,flat,late down & flat,late down & flat | conflict
PRR14,-0.0793567403248729,0.787271997087195,0.727785591026761,1.6504000000000012,-44.2063,-23.80229,"['down', 'up', 'up']","['up', 'down', 'down']","['expr_down_acc_up', 'expr_up_acc_down', 'expr_up_acc_down']","[['down', 'up'], ['up', 'down'], ['up', 'down']]","['down/up , expr_down_acc_up', 'up/down , expr_up_acc_down', 'up/down , expr_up_acc_down']","['down/up', 'up/down', 'up/down']",0,0,0,0,0,0,0,2,1,conflict,late down,late up,late down & late up,late down & late up | conflict
LOC103231919,0.123671538423638,0.873242817832385,1.07544340514806,29.66511,0.6096499999999994,-18.51599,"['up', 'up', 'up']","['up', 'up', 'down']","['increase', 'increase', 'expr_up_acc_down']","[['up', 'up'], ['up', 'up'], ['up', 'down']]","['up/up , increase', 'up/up , increase', 'up/down , expr_up_acc_down']","['up/up', 'up/up', 'up/down']",2,0,0,0,0,0,0,1,0,mixed,gradual up,gradual down,gradual up & gradual down,gradual up & gradual down | mixed
FBRS,0.0650881857464189,0.553864394348014,0.774272307914836,-0.9600300000000002,1.2138,-1.0972399999999998,"['up', 'up', 'up']","['down', 'up', 'down']","['expr_up_acc_down', 'increase', 'expr_up_acc_down']","[['up', 'down'], ['up', 'up'], ['up', 'down']]","['up/down , expr_up_acc_down', 'up/up , increase', 'up/down , expr_up_acc_down']","['up/down', 'up/up', 'up/down']",1,0,0,0,0,0,0,2,0,conflict,gradual up,late down,gradual up & late down,gradual up & late down | conflict
LOC103231023,-1.33431012282895,-0.486592391852559,1.54237349751702,-9.881600000000006,-20.5735,-31.3192,"['down', 'down', 'up']","['down', 'down', 'down']","['decrease', 'decrease', 'expr_up_acc_down']","[['down', 'down'], ['down', 'down'], ['up', 'down']]","['down/down , decrease', 'down/down , decrease', 'up/down , expr_up_acc_down']","['down/down', 'down/down', 'up/down']",0,2,0,0,0,0,0,1,0,mixed,gradual up,gradual down,gradual up & gradual down,gradual up & gradual down | mixed
SRCAP,0.258353976859322,0.524633986852944,0.589462901342129,-9.881600000000006,-20.5735,-31.3192,"['up', 'up', 'up']","['down', 'down', 'down']","['expr_up_acc_down', 'expr_up_acc_down', 'expr_up_acc_down']","[['up', 'down'], ['up', 'down'], ['up', 'down']]","['up/down , expr_up_acc_down', 'up/down , expr_up_acc_down', 'up/down , expr_up_acc_down']","['up/down', 'up/down', 'up/down']",0,0,0,0,0,0,0,3,0,conflict,gradual up,gradual down,gradual up & gradual down,gradual up & gradual down | conflict
PHKG2,0.420386434375753,0.636290783067596,1.29676308672118,-10.643999999999998,-12.5971,-21.91609,"['up', 'up', 'up']","['down', 'down', 'down']","['expr_up_acc_down', 'expr_up_acc_down', 'expr_up_acc_down']","[['up', 'down'], ['up', 'down'], ['up', 'down']]","['up/down , expr_up_acc_down', 'up/down , expr_up_acc_down', 'up/down , expr_up_acc_down']","['up/down', 'up/down', 'up/down']",0,0,0,0,0,0,0,3,0,conflict,gradual up,gradual down,gradual up & gradual down,gradual up & gradual down | conflict
C5H16orf93,-0.315764090885136,0.490099117819462,-0.354894173876564,8.57268,1.81795,7.779529999999999,"['down', 'up', 'down']","['up', 'up', 'up']","['expr_down_acc_up', 'increase', 'expr_down_acc_up']","[['down', 'up'], ['up', 'up'], ['down', 'up']]","['down/up , expr_down_acc_up', 'up/up , increase', 'down/up , expr_down_acc_up']","['down/up', 'up/up', 'down/up']",1,0,0,0,0,0,0,0,2,conflict,late down,late up,late down & late up,late down & late up | conflict
RNF40,-0.151121771504145,0.428092044705107,0.701785171377561,2.3174600000000005,3.3310699999999995,-2.3125,"['down', 'up', 'up']","['up', 'up', 'down']","['expr_down_acc_up', 'increase', 'expr_up_acc_down']","[['down', 'up'], ['up', 'up'], ['up', 'down']]","['down/up , expr_down_acc_up', 'up/up , increase', 'up/down , expr_up_acc_down']","['down/up', 'up/up', 'up/down']",1,0,0,0,0,0,0,1,1,conflict,gradual up,late down,gradual up & late down,gradual up & late down | conflict
ZNF629,0.0214438499841267,0.345744651437613,0.523486219019426,0.00231,1.33352,-0.6166699999999996,"['up', 'up', 'up']","['flat', 'up', 'down']","['expr_only_up', 'increase', 'expr_up_acc_down']","[['up', 'flat'], ['up', 'up'], ['up', 'down']]","['up/flat , expr_only_up', 'up/up , increase', 'up/down , expr_up_acc_down']","['up/flat', 'up/up', 'up/down']",1,0,0,1,0,0,0,1,0,mixed,gradual up,late down,gradual up & late down,gradual up & late down | mixed
BCL7C,-0.504408458623057,-0.861637176877525,-1.05149845807602,0.00231,0.4273000000000002,-0.7708399999999997,"['down', 'down', 'down']","['flat', 'up', 'down']","['expr_only_down', 'expr_down_acc_up', 'decrease']","[['down', 'flat'], ['down', 'up'], ['down', 'down']]","['down/flat , expr_only_down', 'down/up , expr_down_acc_up', 'down/down , decrease']","['down/flat', 'down/up', 'down/down']",0,1,0,0,1,0,0,0,1,mixed,gradual down,late down,gradual down & late down,gradual down & late down | mixed
CTF1,-0.166806881782906,-0.769771317534939,-0.840994003976902,-2.6917800000000005,0.3674300000000006,0.5167299999999999,"['down', 'down', 'down']","['down', 'up', 'up']","['decrease', 'expr_down_acc_up', 'expr_down_acc_up']","[['down', 'down'], ['down', 'up'], ['down', 'up']]","['down/down , decrease', 'down/up , expr_down_acc_up', 'down/up , expr_down_acc_up']","['down/down', 'down/up', 'down/up']",0,1,0,0,0,0,0,0,2,conflict,gradual down,flat,gradual down & flat,gradual down & flat | conflict
ORAI3,-0.397856221545705,-0.983581540498018,-1.34520591188756,-5.362699999999997,5.32587,-19.49514,"['down', 'down', 'down']","['down', 'up', 'down']","['decrease', 'expr_down_acc_up', 'decrease']","[['down', 'down'], ['down', 'up'], ['down', 'down']]","['down/down , decrease', 'down/up , expr_down_acc_up', 'down/down , decrease']","['down/down', 'down/up', 'down/down']",0,2,0,0,0,0,0,0,1,mixed,gradual down,late down,gradual down & late down,gradual down & late down | mixed
SETD1A,0.705896362752656,0.965237571681841,1.2876733768667,-3.3590000000000018,-18.72042,-2.0403199999999995,"['up', 'up', 'up']","['down', 'down', 'down']","['expr_up_acc_down', 'expr_up_acc_down', 'expr_up_acc_down']","[['up', 'down'], ['up', 'down'], ['up', 'down']]","['up/down , expr_up_acc_down', 'up/down , expr_up_acc_down', 'up/down , expr_up_acc_down']","['up/down', 'up/down', 'up/down']",0,0,0,0,0,0,0,3,0,conflict,gradual up,late up,gradual up & late up,gradual up & late up | conflict
HSD3B7,0.939370024123691,0.965626897972329,0.253190887003694,-1.3389999999999986,1.0342000000000002,-5.71265,"['up', 'up', 'up']","['down', 'up', 'down']","['expr_up_acc_down', 'increase', 'expr_up_acc_down']","[['up', 'down'], ['up', 'up'], ['up', 'down']]","['up/down , expr_up_acc_down', 'up/up , increase', 'up/down , expr_up_acc_down']","['up/down', 'up/up', 'up/down']",1,0,0,0,0,0,0,2,0,conflict,late down,late down,late down & late down,late down & late down | conflict
STX1B,0.285762851321199,-0.74682610253205,0.243496319828258,-18.27988,0.4871699999999999,-0.2902599999999999,"['up', 'down', 'up']","['down', 'up', 'down']","['expr_up_acc_down', 'expr_down_acc_up', 'expr_up_acc_down']","[['up', 'down'], ['down', 'up'], ['up', 'down']]","['up/down , expr_up_acc_down', 'down/up , expr_down_acc_up', 'up/down , expr_up_acc_down']","['up/down', 'down/up', 'up/down']",0,0,0,0,0,0,0,2,1,conflict,late up,late down,late up & late down,late up & late down | conflict
STX4,-0.474947889300009,0.0385242348712689,0.62933874805907,3.663380000000001,1.3362699999999998,-1.5778199999999996,"['down', 'up', 'up']","['up', 'up', 'down']","['expr_down_acc_up', 'increase', 'expr_up_acc_down']","[['down', 'up'], ['up', 'up'], ['up', 'down']]","['down/up , expr_down_acc_up', 'up/up , increase', 'up/down , expr_up_acc_down']","['down/up', 'up/up', 'up/down']",1,0,0,0,0,0,0,1,1,conflict,gradual up,gradual down,gradual up & gradual down,gradual up & gradual down | conflict
ZNF668,0.501686276677714,1.06119353237952,0.780447162270196,0.8693399999999998,1.7580800000000003,1.47788,"['up', 'up', 'up']","['up', 'up', 'up']","['increase', 'increase', 'increase']","[['up', 'up'], ['up', 'up'], ['up', 'up']]","['up/up , increase', 'up/up , increase', 'up/up , increase']","['up/up', 'up/up', 'up/up']",3,0,0,0,0,0,0,0,0,expr_acc_up,late down,late down,late down & late down,late down & late down | expr_acc_up
ZNF646,0.601665926706641,0.997261197089465,0.950976949804295,0.1022499999999997,11.85732,-0.7708399999999997,"['up', 'up', 'up']","['flat', 'up', 'down']","['expr_only_up', 'increase', 'expr_up_acc_down']","[['up', 'flat'], ['up', 'up'], ['up', 'down']]","['up/flat , expr_only_up', 'up/up , increase', 'up/down , expr_up_acc_down']","['up/flat', 'up/up', 'up/down']",1,0,0,1,0,0,0,1,0,mixed,late down,late down,late down & late down,late down & late down | mixed
PRSS53,2.48759372961169,1.36878354148426,2.87362103749195,-1.2482700000000009,3.26846,-2.05839,"['up', 'up', 'up']","['down', 'up', 'down']","['expr_up_acc_down', 'increase', 'expr_up_acc_down']","[['up', 'down'], ['up', 'up'], ['up', 'down']]","['up/down , expr_up_acc_down', 'up/up , increase', 'up/down , expr_up_acc_down']","['up/down', 'up/up', 'up/down']",1,0,0,0,0,0,0,2,0,conflict,late up,late down,late up & late down,late up & late down | conflict
VKORC1,-0.394031017872903,-0.880634226371618,-2.25237277563084,-1.9992000000000016,1.2736600000000005,-8.441939999999999,"['down', 'down', 'down']","['down', 'up', 'down']","['decrease', 'expr_down_acc_up', 'decrease']","[['down', 'down'], ['down', 'up'], ['down', 'down']]","['down/down , decrease', 'down/up , expr_down_acc_up', 'down/down , decrease']","['down/down', 'down/up', 'down/down']",0,2,0,0,0,0,0,0,1,mixed,gradual down,late down,gradual down & late down,gradual down & late down | mixed
BCKDK,-0.296935120305902,-0.354336800591696,-0.653109868597014,-0.5695999999999994,-1.0150000000000006,1.9945900000000003,"['down', 'down', 'down']","['down', 'down', 'up']","['decrease', 'decrease', 'expr_down_acc_up']","[['down', 'down'], ['down', 'down'], ['down', 'up']]","['down/down , decrease', 'down/down , decrease', 'down/up , expr_down_acc_up']","['down/down', 'down/down', 'down/up']",0,2,0,0,0,0,0,0,1,mixed,gradual down,late up,gradual down & late up,gradual down & late up | mixed
KAT8,0.134776877268965,0.474947490329189,0.440301260689932,-13.640300000000003,-22.1548,-13.24774,"['up', 'up', 'up']","['down', 'down', 'down']","['expr_up_acc_down', 'expr_up_acc_down', 'expr_up_acc_down']","[['up', 'down'], ['up', 'down'], ['up', 'down']]","['up/down , expr_up_acc_down', 'up/down , expr_up_acc_down', 'up/down , expr_up_acc_down']","['up/down', 'up/down', 'up/down']",0,0,0,0,0,0,0,3,0,conflict,late down,late up,late down & late up,late down & late up | conflict
PRSS8,0.695149659211061,0.474168590786998,0.966822100350245,1.0622699999999998,0.4273000000000002,-1.0972399999999998,"['up', 'up', 'up']","['up', 'up', 'down']","['increase', 'increase', 'expr_up_acc_down']","[['up', 'up'], ['up', 'up'], ['up', 'down']]","['up/up , increase', 'up/up , increase', 'up/down , expr_up_acc_down']","['up/up', 'up/up', 'up/down']",2,0,0,0,0,0,0,1,0,mixed,late up,gradual down,late up & gradual down,late up & gradual down | mixed
PRSS36,0.0,-1.25139397634422,-0.623007646634925,0.588000000000001,0.1905800000000006,-6.53769,"['flat', 'down', 'down']","['up', 'up', 'down']","['acc_only_up', 'expr_down_acc_up', 'decrease']","[['flat', 'up'], ['down', 'up'], ['down', 'down']]","['flat/up , acc_only_up', 'down/up , expr_down_acc_up', 'down/down , decrease']","['flat/up', 'down/up', 'down/down']",0,1,0,0,0,1,0,0,1,mixed,late up,gradual down,late up & gradual down,late up & gradual down | mixed
FUS,-0.13836277292166,-0.061128844499063,0.137612578153135,-10.96699,1.5158799999999997,-10.346189999999998,"['down', 'down', 'up']","['down', 'up', 'down']","['decrease', 'expr_down_acc_up', 'expr_up_acc_down']","[['down', 'down'], ['down', 'up'], ['up', 'down']]","['down/down , decrease', 'down/up , expr_down_acc_up', 'up/down , expr_up_acc_down']","['down/down', 'down/up', 'up/down']",0,1,0,0,0,0,0,1,1,conflict,gradual up,late down,gradual up & late down,gradual up & late down | conflict
TRIM72,1.43505139930401,1.46315214942793,3.7687950103545,0.6764099999999997,2.1200299999999994,1.47788,"['up', 'up', 'up']","['up', 'up', 'up']","['increase', 'increase', 'increase']","[['up', 'up'], ['up', 'up'], ['up', 'up']]","['up/up , increase', 'up/up , increase', 'up/up , increase']","['up/up', 'up/up', 'up/up']",3,0,0,0,0,0,0,0,0,expr_acc_up,gradual up,late down,gradual up & late down,gradual up & late down | expr_acc_up
ITGAM,0.70144576278573,0.577343892470416,1.97681311249754,-3.3590000000000018,-11.4081,-11.96015,"['up', 'up', 'up']","['down', 'down', 'down']","['expr_up_acc_down', 'expr_up_acc_down', 'expr_up_acc_down']","[['up', 'down'], ['up', 'down'], ['up', 'down']]","['up/down , expr_up_acc_down', 'up/down , expr_up_acc_down', 'up/down , expr_up_acc_down']","['up/down', 'up/down', 'up/down']",0,0,0,0,0,0,0,3,0,conflict,late up,gradual down,late up & gradual down,late up & gradual down | conflict
ITGAX,1.19893156547332,0.824005519223346,1.21644580790999,-2.594150000000001,0.2477,1.1695400000000005,"['up', 'up', 'up']","['down', 'up', 'up']","['expr_up_acc_down', 'increase', 'increase']","[['up', 'down'], ['up', 'up'], ['up', 'up']]","['up/down , expr_up_acc_down', 'up/up , increase', 'up/up , increase']","['up/down', 'up/up', 'up/up']",2,0,0,0,0,0,0,1,0,mixed,late up,gradual up,late up & gradual up,late up & gradual up | mixed
ZNF843,1.31225566511491,0.0,2.41137845845671,-2.1898000000000053,0.7293700000000003,4.70581,"['up', 'flat', 'up']","['down', 'up', 'up']","['expr_up_acc_down', 'acc_only_up', 'increase']","[['up', 'down'], ['flat', 'up'], ['up', 'up']]","['up/down , expr_up_acc_down', 'flat/up , acc_only_up', 'up/up , increase']","['up/down', 'flat/up', 'up/up']",1,0,0,0,0,1,0,1,0,mixed,late up,gradual up,late up & gradual up,late up & gradual up | mixed
ARMC5,0.417222577685848,0.780766752209382,0.472775350023913,-1.4180999999999957,1.69822,-12.92125,"['up', 'up', 'up']","['down', 'up', 'down']","['expr_up_acc_down', 'increase', 'expr_up_acc_down']","[['up', 'down'], ['up', 'up'], ['up', 'down']]","['up/down , expr_up_acc_down', 'up/up , increase', 'up/down , expr_up_acc_down']","['up/down', 'up/up', 'up/down']",1,0,0,0,0,0,0,2,0,conflict,late down,late down,late down & late down,late down & late down | conflict
TGFB1I1,-0.685419793884638,-1.56137826226064,-1.4571806734635,-3.844780000000001,-2.5308399999999995,-3.79035,"['down', 'down', 'down']","['down', 'down', 'down']","['decrease', 'decrease', 'decrease']","[['down', 'down'], ['down', 'down'], ['down', 'down']]","['down/down , decrease', 'down/down , decrease', 'down/down , decrease']","['down/down', 'down/down', 'down/down']",0,3,0,0,0,0,0,0,0,expr_acc_down,late up,late down,late up & late down,late up & late down | expr_acc_down
SLC5A2,-0.274960973958397,-0.627987937585095,-0.105177768701487,2.69872,1.2736600000000005,2.28486,"['down', 'down', 'down']","['up', 'up', 'up']","['expr_down_acc_up', 'expr_down_acc_up', 'expr_down_acc_up']","[['down', 'up'], ['down', 'up'], ['down', 'up']]","['down/up , expr_down_acc_up', 'down/up , expr_down_acc_up', 'down/up , expr_down_acc_up']","['down/up', 'down/up', 'down/up']",0,0,0,0,0,0,0,0,3,conflict,late up,late up,late up & late up,late up & late up | conflict
C5H16orf58,0.378576294779702,-0.166986416398291,-0.038989591811752,0.8693399999999998,0.7293700000000003,0.1903100000000002,"['up', 'down', 'down']","['up', 'up', 'up']","['increase', 'expr_down_acc_up', 'expr_down_acc_up']","[['up', 'up'], ['down', 'up'], ['down', 'up']]","['up/up , increase', 'down/up , expr_down_acc_up', 'down/up , expr_down_acc_up']","['up/up', 'down/up', 'down/up']",1,0,0,0,0,0,0,0,2,conflict,late up,flat,late up & flat,late up & flat | conflict
ZNF267,0.896343986644824,0.888074366842447,1.18841263436744,-5.38358,-1.926689999999999,-16.457520000000002,"['up', 'up', 'up']","['down', 'down', 'down']","['expr_up_acc_down', 'expr_up_acc_down', 'expr_up_acc_down']","[['up', 'down'], ['up', 'down'], ['up', 'down']]","['up/down , expr_up_acc_down', 'up/down , expr_up_acc_down', 'up/down , expr_up_acc_down']","['up/down', 'up/down', 'up/down']",0,0,0,0,0,0,0,3,0,conflict,flat,late down,flat & late down,flat & late down | conflict
SHCBP1,0.146488935723475,0.612541158391978,0.306885440701196,-4.802500000000002,-5.7938600000000005,-6.53769,"['up', 'up', 'up']","['down', 'down', 'down']","['expr_up_acc_down', 'expr_up_acc_down', 'expr_up_acc_down']","[['up', 'down'], ['up', 'down'], ['up', 'down']]","['up/down , expr_up_acc_down', 'up/down , expr_up_acc_down', 'up/down , expr_up_acc_down']","['up/down', 'up/down', 'up/down']",0,0,0,0,0,0,0,3,0,conflict,late down,gradual down,late down & gradual down,late down & gradual down | conflict
VPS35,-0.70436809756566,-0.972474882513626,-1.28731720638453,6.7433,1.7608300000000003,4.4155,"['down', 'down', 'down']","['up', 'up', 'up']","['expr_down_acc_up', 'expr_down_acc_up', 'expr_down_acc_up']","[['down', 'up'], ['down', 'up'], ['down', 'up']]","['down/up , expr_down_acc_up', 'down/up , expr_down_acc_up', 'down/up , expr_down_acc_up']","['down/up', 'down/up', 'down/up']",0,0,0,0,0,0,0,0,3,conflict,gradual down,late up,gradual down & late up,gradual down & late up | conflict
PHKB,-0.228732707240145,-0.568755871141364,-0.918614838287825,1.7363799999999996,11.13346,-4.75155,"['down', 'down', 'down']","['up', 'up', 'down']","['expr_down_acc_up', 'expr_down_acc_up', 'decrease']","[['down', 'up'], ['down', 'up'], ['down', 'down']]","['down/up , expr_down_acc_up', 'down/up , expr_down_acc_up', 'down/down , decrease']","['down/up', 'down/up', 'down/down']",0,1,0,0,0,0,0,0,2,conflict,gradual down,late down,gradual down & late down,gradual down & late down | conflict
ABCC11,3.68457962537319,4.4683040055209,1.96449117886046,8.477360000000001,1.6356000000000002,1.1514600000000002,"['up', 'up', 'up']","['up', 'up', 'up']","['increase', 'increase', 'increase']","[['up', 'up'], ['up', 'up'], ['up', 'up']]","['up/up , increase', 'up/up , increase', 'up/up , increase']","['up/up', 'up/up', 'up/up']",3,0,0,0,0,0,0,0,0,expr_acc_up,late down,gradual down,late down & gradual down,late down & gradual down | expr_acc_up
SIAH1,0.396042796687302,0.398151607089159,0.47884971588652,28.3146,-5.360999999999999,2.6112600000000006,"['up', 'up', 'up']","['up', 'down', 'up']","['increase', 'expr_up_acc_down', 'increase']","[['up', 'up'], ['up', 'down'], ['up', 'up']]","['up/up , increase', 'up/down , expr_up_acc_down', 'up/up , increase']","['up/up', 'up/down', 'up/up']",2,0,0,0,0,0,0,1,0,mixed,flat,late up,flat & late up,flat & late up | mixed
N4BP1,0.217680904518349,0.436522804794709,0.339398808563832,-0.7671000000000001,3.2086,0.0361500000000001,"['up', 'up', 'up']","['down', 'up', 'flat']","['expr_up_acc_down', 'increase', 'expr_only_up']","[['up', 'down'], ['up', 'up'], ['up', 'flat']]","['up/down , expr_up_acc_down', 'up/up , increase', 'up/flat , expr_only_up']","['up/down', 'up/up', 'up/flat']",1,0,0,1,0,0,0,1,0,mixed,late down,late down,late down & late down,late down & late down | mixed
LOC103232484,-1.93920937223188,0.593914996227557,1.38471009678297,-6.8270800000000005,-2.228769999999999,-4.76959,"['down', 'up', 'up']","['down', 'down', 'down']","['decrease', 'expr_up_acc_down', 'expr_up_acc_down']","[['down', 'down'], ['up', 'down'], ['up', 'down']]","['down/down , decrease', 'up/down , expr_up_acc_down', 'up/down , expr_up_acc_down']","['down/down', 'up/down', 'up/down']",0,1,0,0,0,0,0,2,0,conflict,gradual up,late down,gradual up & late down,gradual up & late down | conflict
ZNF423,-1.1272935824957,-1.34021506354489,-0.773970651095873,0.2928699999999997,-0.7183899999999994,1.95845,"['down', 'down', 'down']","['up', 'down', 'up']","['expr_down_acc_up', 'decrease', 'expr_down_acc_up']","[['down', 'up'], ['down', 'down'], ['down', 'up']]","['down/up , expr_down_acc_up', 'down/down , decrease', 'down/up , expr_down_acc_up']","['down/up', 'down/down', 'down/up']",0,1,0,0,0,0,0,0,2,conflict,late up,late up,late up & late up,late up & late up | conflict
CNEP1R1,0.211424405849802,0.358483828455718,0.415637716157616,-16.332,-15.019199999999998,-19.34102,"['up', 'up', 'up']","['down', 'down', 'down']","['expr_up_acc_down', 'expr_up_acc_down', 'expr_up_acc_down']","[['up', 'down'], ['up', 'down'], ['up', 'down']]","['up/down , expr_up_acc_down', 'up/down , expr_up_acc_down', 'up/down , expr_up_acc_down']","['up/down', 'up/down', 'up/down']",0,0,0,0,0,0,0,3,0,conflict,gradual up,late down,gradual up & late down,gradual up & late down | conflict
HEATR3,-0.121301176119402,-0.356403902492912,-0.214657515841812,-17.415190000000003,-6.0877,-7.97949,"['down', 'down', 'down']","['down', 'down', 'down']","['decrease', 'decrease', 'decrease']","[['down', 'down'], ['down', 'down'], ['down', 'down']]","['down/down , decrease', 'down/down , decrease', 'down/down , decrease']","['down/down', 'down/down', 'down/down']",0,3,0,0,0,0,0,0,0,expr_acc_down,late up,late down,late up & late down,late up & late down | expr_acc_down
PAPD5,0.641703301136219,1.15471165949589,1.13272865108062,4.43278,-2.470979999999999,-0.7708399999999997,"['up', 'up', 'up']","['up', 'down', 'down']","['increase', 'expr_up_acc_down', 'expr_up_acc_down']","[['up', 'up'], ['up', 'down'], ['up', 'down']]","['up/up , increase', 'up/down , expr_up_acc_down', 'up/down , expr_up_acc_down']","['up/up', 'up/down', 'up/down']",1,0,0,0,0,0,0,2,0,conflict,late down,late up,late down & late up,late down & late up | conflict
ADCY7,0.251465597337603,-0.16877269374417,-0.395531854281266,-7.98469,0.4273000000000002,-1.7319899999999997,"['up', 'down', 'down']","['down', 'up', 'down']","['expr_up_acc_down', 'expr_down_acc_up', 'decrease']","[['up', 'down'], ['down', 'up'], ['down', 'down']]","['up/down , expr_up_acc_down', 'down/up , expr_down_acc_up', 'down/down , decrease']","['up/down', 'down/up', 'down/down']",0,1,0,0,0,0,0,1,1,conflict,gradual down,late down,gradual down & late down,gradual down & late down | conflict
NKD1,4.03045570897821,1.8737006151418,3.47063691541686,1.0622699999999998,1.03145,-0.6166699999999996,"['up', 'up', 'up']","['up', 'up', 'down']","['increase', 'increase', 'expr_up_acc_down']","[['up', 'up'], ['up', 'up'], ['up', 'down']]","['up/up , increase', 'up/up , increase', 'up/down , expr_up_acc_down']","['up/up', 'up/up', 'up/down']",2,0,0,0,0,0,0,1,0,mixed,late up,flat,late up & flat,late up & flat | mixed
CYLD,0.575180287556714,0.744620926147362,0.853437161134102,-40.585800000000006,28.78997,-22.24257,"['up', 'up', 'up']","['down', 'up', 'down']","['expr_up_acc_down', 'increase', 'expr_up_acc_down']","[['up', 'down'], ['up', 'up'], ['up', 'down']]","['up/down , expr_up_acc_down', 'up/up , increase', 'up/down , expr_up_acc_down']","['up/down', 'up/up', 'up/down']",1,0,0,0,0,0,0,2,0,conflict,gradual up,late down,gradual up & late down,gradual up & late down | conflict
LOC103233526,0.0,0.0,2.40178883633417,1.83629,-3.61941,-1.25141,"['flat', 'flat', 'up']","['up', 'down', 'down']","['acc_only_up', 'acc_only_down', 'expr_up_acc_down']","[['flat', 'up'], ['flat', 'down'], ['up', 'down']]","['flat/up , acc_only_up', 'flat/down , acc_only_down', 'up/down , expr_up_acc_down']","['flat/up', 'flat/down', 'up/down']",0,0,0,0,0,1,1,1,0,accessibility_only,flat,late up,flat & late up,flat & late up | accessibility_only
CHD9,0.432565242948982,0.398533785100656,0.466458396549034,-2.010800000000001,-7.845720000000002,5.721210000000001,"['up', 'up', 'up']","['down', 'down', 'up']","['expr_up_acc_down', 'expr_up_acc_down', 'increase']","[['up', 'down'], ['up', 'down'], ['up', 'up']]","['up/down , expr_up_acc_down', 'up/down , expr_up_acc_down', 'up/up , increase']","['up/down', 'up/down', 'up/up']",1,0,0,0,0,0,0,2,0,conflict,late up,late up,late up & late up,late up & late up | conflict
LOC103232853,0.0727804201992273,0.0,5.40461796772575,4.24214,-3.2574700000000005,-3.63624,"['up', 'flat', 'up']","['up', 'down', 'down']","['increase', 'acc_only_down', 'expr_up_acc_down']","[['up', 'up'], ['flat', 'down'], ['up', 'down']]","['up/up , increase', 'flat/down , acc_only_down', 'up/down , expr_up_acc_down']","['up/up', 'flat/down', 'up/down']",1,0,0,0,0,0,1,1,0,mixed,late up,gradual down,late up & gradual down,late up & gradual down | mixed
RBL2,-0.581120345005735,-0.750197992439517,-1.28814539653445,-0.3765999999999998,-1.1401999999999992,0.2083900000000005,"['down', 'down', 'down']","['down', 'down', 'up']","['decrease', 'decrease', 'expr_down_acc_up']","[['down', 'down'], ['down', 'down'], ['down', 'up']]","['down/down , decrease', 'down/down , decrease', 'down/up , expr_down_acc_up']","['down/down', 'down/down', 'down/up']",0,2,0,0,0,0,0,0,1,mixed,gradual down,late up,gradual down & late up,gradual down & late up | mixed
AKTIP,1.32443544952744,2.05485086371936,-1.48071191189742,8.286740000000002,0.3674300000000006,10.20053,"['up', 'up', 'down']","['up', 'up', 'up']","['increase', 'increase', 'expr_down_acc_up']","[['up', 'up'], ['up', 'up'], ['down', 'up']]","['up/up , increase', 'up/up , increase', 'down/up , expr_down_acc_up']","['up/up', 'up/up', 'down/up']",2,0,0,0,0,0,0,0,1,mixed,late down,late up,late down & late up,late down & late up | mixed
FTO,-0.667124361380146,-0.596839211340187,-0.923902659361746,-16.3112,-27.2709,-34.629,"['down', 'down', 'down']","['down', 'down', 'down']","['decrease', 'decrease', 'decrease']","[['down', 'down'], ['down', 'down'], ['down', 'down']]","['down/down , decrease', 'down/down , decrease', 'down/down , decrease']","['down/down', 'down/down', 'down/down']",0,3,0,0,0,0,0,0,0,expr_acc_down,late down,gradual down,late down & gradual down,late down & gradual down | expr_acc_down
IRX3,0.528260685739789,0.91279904785471,1.0249061680877,2.41048,0.4273000000000002,2.9376800000000003,"['up', 'up', 'up']","['up', 'up', 'up']","['increase', 'increase', 'increase']","[['up', 'up'], ['up', 'up'], ['up', 'up']]","['up/up , increase', 'up/up , increase', 'up/up , increase']","['up/up', 'up/up', 'up/up']",3,0,0,0,0,0,0,0,0,expr_acc_up,gradual up,late up,gradual up & late up,gradual up & late up | expr_acc_up
LOC103233527,0.800161467631891,-0.656426311008237,-0.775034320387792,-0.5579000000000001,-2.639599999999998,-11.96015,"['up', 'down', 'down']","['down', 'down', 'down']","['expr_up_acc_down', 'decrease', 'decrease']","[['up', 'down'], ['down', 'down'], ['down', 'down']]","['up/down , expr_up_acc_down', 'down/down , decrease', 'down/down , decrease']","['up/down', 'down/down', 'down/down']",0,2,0,0,0,0,0,1,0,mixed,gradual down,gradual down,gradual down & gradual down,gradual down & gradual down | mixed
MMP2,-1.11366738747671,-2.63131361137389,-2.89405502688972,-0.0929999999999999,-0.1169799999999998,-2.5389699999999995,"['down', 'down', 'down']","['flat', 'flat', 'down']","['expr_only_down', 'expr_only_down', 'decrease']","[['down', 'flat'], ['down', 'flat'], ['down', 'down']]","['down/flat , expr_only_down', 'down/flat , expr_only_down', 'down/down , decrease']","['down/flat', 'down/flat', 'down/down']",0,1,0,0,2,0,0,0,0,expression_only,gradual down,flat,gradual down & flat,gradual down & flat | expression_only
GNAO1,1.38223211066604,2.0554281677769,-1.48071466883125,5.2022,1.09132,0.67089,"['up', 'up', 'down']","['up', 'up', 'up']","['increase', 'increase', 'expr_down_acc_up']","[['up', 'up'], ['up', 'up'], ['down', 'up']]","['up/up , increase', 'up/up , increase', 'down/up , expr_down_acc_up']","['up/up', 'up/up', 'down/up']",2,0,0,0,0,0,0,0,1,mixed,late down,gradual down,late down & gradual down,late down & gradual down | mixed
AMFR,-0.282446890117707,-0.318719523035541,-0.439766372601156,-0.47886,-0.0571200000000002,1.47788,"['down', 'down', 'down']","['down', 'flat', 'up']","['decrease', 'expr_only_down', 'expr_down_acc_up']","[['down', 'down'], ['down', 'flat'], ['down', 'up']]","['down/down , decrease', 'down/flat , expr_only_down', 'down/up , expr_down_acc_up']","['down/down', 'down/flat', 'down/up']",0,1,0,0,1,0,0,0,1,mixed,gradual down,gradual up,gradual down & gradual up,gradual down & gradual up | mixed
NUDT21,0.110955256109632,0.275284528875373,0.0240383471370321,-25.0745,3.51067,-31.473299999999995,"['up', 'up', 'up']","['down', 'up', 'down']","['expr_up_acc_down', 'increase', 'expr_up_acc_down']","[['up', 'down'], ['up', 'up'], ['up', 'down']]","['up/down , expr_up_acc_down', 'up/up , increase', 'up/down , expr_up_acc_down']","['up/down', 'up/up', 'up/down']",1,0,0,0,0,0,0,2,0,conflict,late down,late down,late down & late down,late down & late down | conflict
OGFOD1,-0.629698658241079,-0.535360271197352,-1.14845853791223,-25.0745,3.51067,-31.473299999999995,"['down', 'down', 'down']","['down', 'up', 'down']","['decrease', 'expr_down_acc_up', 'decrease']","[['down', 'down'], ['down', 'up'], ['down', 'down']]","['down/down , decrease', 'down/up , expr_down_acc_up', 'down/down , decrease']","['down/down', 'down/up', 'down/down']",0,2,0,0,0,0,0,0,1,mixed,late down,late down,late down & late down,late down & late down | mixed
BBS2,-0.188005529909674,-0.380475102906938,-1.1940939683432,0.2044999999999994,-4.038449999999999,-3.80844,"['down', 'down', 'down']","['up', 'down', 'down']","['expr_down_acc_up', 'decrease', 'decrease']","[['down', 'up'], ['down', 'down'], ['down', 'down']]","['down/up , expr_down_acc_up', 'down/down , decrease', 'down/down , decrease']","['down/up', 'down/down', 'down/down']",0,2,0,0,0,0,0,0,1,mixed,gradual down,flat,gradual down & flat,gradual down & flat | mixed
HERPUD1,0.0190970085614181,-0.580823057147985,-0.342100857590906,-7.863900000000001,-28.44946,1.1695400000000005,"['up', 'down', 'down']","['down', 'down', 'up']","['expr_up_acc_down', 'decrease', 'expr_down_acc_up']","[['up', 'down'], ['down', 'down'], ['down', 'up']]","['up/down , expr_up_acc_down', 'down/down , decrease', 'down/up , expr_down_acc_up']","['up/down', 'down/down', 'down/up']",0,1,0,0,0,0,0,1,1,conflict,late up,late up,late up & late up,late up & late up | conflict
CETP,-0.989073621136522,2.07304920194948,1.96343322331531,0.00231,1.57574,0.67089,"['down', 'up', 'up']","['flat', 'up', 'up']","['expr_only_down', 'increase', 'increase']","[['down', 'flat'], ['up', 'up'], ['up', 'up']]","['down/flat , expr_only_down', 'up/up , increase', 'up/up , increase']","['down/flat', 'up/up', 'up/up']",2,0,0,0,1,0,0,0,0,mixed,late down,late down,late down & late down,late down & late down | mixed
CPNE2,-0.410783734690921,-0.906745616713345,-0.951128709588737,-7.689500000000002,-6.2728,1.0153800000000004,"['down', 'down', 'down']","['down', 'down', 'up']","['decrease', 'decrease', 'expr_down_acc_up']","[['down', 'down'], ['down', 'down'], ['down', 'up']]","['down/down , decrease', 'down/down , decrease', 'down/up , expr_down_acc_up']","['down/down', 'down/down', 'down/up']",0,2,0,0,0,0,0,0,1,mixed,gradual down,gradual up,gradual down & gradual up,gradual down & gradual up | mixed
FAM192A,-0.792671120873127,-0.581891481588943,-0.594953488581906,-50.99948,4.05495,-2.0041,"['down', 'down', 'down']","['down', 'up', 'down']","['decrease', 'expr_down_acc_up', 'decrease']","[['down', 'down'], ['down', 'up'], ['down', 'down']]","['down/down , decrease', 'down/up , expr_down_acc_up', 'down/down , decrease']","['down/down', 'down/up', 'down/down']",0,2,0,0,0,0,0,0,1,mixed,flat,late down,flat & late down,flat & late down | mixed
ARL2BP,-0.449699251026246,-0.0324277201798316,-0.638025631129031,-57.7243,-13.788899999999998,6.818379999999999,"['down', 'down', 'down']","['down', 'down', 'up']","['decrease', 'decrease', 'expr_down_acc_up']","[['down', 'down'], ['down', 'down'], ['down', 'up']]","['down/down , decrease', 'down/down , decrease', 'down/up , expr_down_acc_up']","['down/down', 'down/down', 'down/up']",0,2,0,0,0,0,0,0,1,mixed,late down,gradual up,late down & gradual up,late down & gradual up | mixed
PLLP,-1.77964343051121,-0.367683489248774,-2.06173621247383,-5.192990000000001,2.1200299999999994,0.3444800000000003,"['down', 'down', 'down']","['down', 'up', 'up']","['decrease', 'expr_down_acc_up', 'expr_down_acc_up']","[['down', 'down'], ['down', 'up'], ['down', 'up']]","['down/down , decrease', 'down/up , expr_down_acc_up', 'down/up , expr_down_acc_up']","['down/down', 'down/up', 'down/up']",0,1,0,0,0,0,0,0,2,conflict,late down,late down,late down & late down,late down & late down | conflict
TRNAL-CAG,1.46090603965569,1.60293318844802,2.32417914128204,-15.7718,-9.407699999999998,-2.4847,"['up', 'up', 'up']","['down', 'down', 'down']","['expr_up_acc_down', 'expr_up_acc_down', 'expr_up_acc_down']","[['up', 'down'], ['up', 'down'], ['up', 'down']]","['up/down , expr_up_acc_down', 'up/down , expr_up_acc_down', 'up/down , expr_up_acc_down']","['up/down', 'up/down', 'up/down']",0,0,0,0,0,0,0,3,0,conflict,gradual up,gradual up,gradual up & gradual up,gradual up & gradual up | conflict
CX3CL1,-0.0806921690248791,-0.599551001301858,0.080929257636101,-8.94468,-2.4655000000000005,-3.96261,"['down', 'down', 'up']","['down', 'down', 'down']","['decrease', 'decrease', 'expr_up_acc_down']","[['down', 'down'], ['down', 'down'], ['up', 'down']]","['down/down , decrease', 'down/down , decrease', 'up/down , expr_up_acc_down']","['down/down', 'down/down', 'up/down']",0,2,0,0,0,0,0,1,0,mixed,late up,late down,late up & late down,late up & late down | mixed
CIAPIN1,-0.581604365001028,-0.8703251728049,-0.808733142387943,0.0046299999999996,0.91446,1.6501100000000006,"['down', 'down', 'down']","['flat', 'up', 'up']","['expr_only_down', 'expr_down_acc_up', 'expr_down_acc_up']","[['down', 'flat'], ['down', 'up'], ['down', 'up']]","['down/flat , expr_only_down', 'down/up , expr_down_acc_up', 'down/up , expr_down_acc_up']","['down/flat', 'down/up', 'down/up']",0,0,0,0,1,0,0,0,2,conflict,late up,gradual up,late up & gradual up,late up & gradual up | conflict
COQ9,-0.437922730642829,-0.767519771907794,-1.17794490200972,0.0046299999999996,0.91446,1.6501100000000006,"['down', 'down', 'down']","['flat', 'up', 'up']","['expr_only_down', 'expr_down_acc_up', 'expr_down_acc_up']","[['down', 'flat'], ['down', 'up'], ['down', 'up']]","['down/flat , expr_only_down', 'down/up , expr_down_acc_up', 'down/up , expr_down_acc_up']","['down/flat', 'down/up', 'down/up']",0,0,0,0,1,0,0,0,2,conflict,gradual down,gradual up,gradual down & gradual up,gradual down & gradual up | conflict
POLR2C,0.443495404289479,0.121252365273102,0.128466376664734,-8.744799999999998,-7.478199999999999,0.0361500000000001,"['up', 'up', 'up']","['down', 'down', 'flat']","['expr_up_acc_down', 'expr_up_acc_down', 'expr_only_up']","[['up', 'down'], ['up', 'down'], ['up', 'flat']]","['up/down , expr_up_acc_down', 'up/down , expr_up_acc_down', 'up/flat , expr_only_up']","['up/down', 'up/down', 'up/flat']",0,0,0,1,0,0,0,2,0,conflict,flat,gradual up,flat & gradual up,flat & gradual up | conflict
DOK4,0.311833689518754,0.200854485374257,0.692823895250756,1.1575899999999997,-1.8695800000000005,0.1903100000000002,"['up', 'up', 'up']","['up', 'down', 'up']","['increase', 'expr_up_acc_down', 'increase']","[['up', 'up'], ['up', 'down'], ['up', 'up']]","['up/up , increase', 'up/down , expr_up_acc_down', 'up/up , increase']","['up/up', 'up/down', 'up/up']",2,0,0,0,0,0,0,1,0,mixed,late up,late up,late up & late up,late up & late up | mixed
CCDC102A,-0.22450387887325,0.165648795471705,-0.117783106747932,5.973890000000001,1.09132,-3.65429,"['down', 'up', 'down']","['up', 'up', 'down']","['expr_down_acc_up', 'increase', 'decrease']","[['down', 'up'], ['up', 'up'], ['down', 'down']]","['down/up , expr_down_acc_up', 'up/up , increase', 'down/down , decrease']","['down/up', 'up/up', 'down/down']",1,1,0,0,0,0,0,0,1,mixed,late down,gradual down,late down & gradual down,late down & gradual down | mixed
GPR114,-1.85872666802396,2.07027177513087,3.4116288125767,2.50579,-0.0571200000000002,0.67089,"['down', 'up', 'up']","['up', 'flat', 'up']","['expr_down_acc_up', 'expr_only_up', 'increase']","[['down', 'up'], ['up', 'flat'], ['up', 'up']]","['down/up , expr_down_acc_up', 'up/flat , expr_only_up', 'up/up , increase']","['down/up', 'up/flat', 'up/up']",1,0,0,1,0,0,0,0,1,mixed,gradual up,late up,gradual up & late up,gradual up & late up | mixed
CCDC135,-0.0728493885727282,-2.77379840428814,-1.49291999502246,7.803260000000001,-3.07788,0.1903100000000002,"['down', 'down', 'down']","['up', 'down', 'up']","['expr_down_acc_up', 'decrease', 'expr_down_acc_up']","[['down', 'up'], ['down', 'down'], ['down', 'up']]","['down/up , expr_down_acc_up', 'down/down , decrease', 'down/up , expr_down_acc_up']","['down/up', 'down/down', 'down/up']",0,1,0,0,0,0,0,0,2,conflict,late up,late up,late up & late up,late up & late up | conflict
KATNB1,-0.0502550184841954,-0.0451445898812016,0.0464390852440988,-76.4992,-49.8777,-37.2402,"['down', 'down', 'up']","['down', 'down', 'down']","['decrease', 'decrease', 'expr_up_acc_down']","[['down', 'down'], ['down', 'down'], ['up', 'down']]","['down/down , decrease', 'down/down , decrease', 'up/down , expr_up_acc_down']","['down/down', 'down/down', 'up/down']",0,2,0,0,0,0,0,1,0,mixed,flat,gradual up,flat & gradual up,flat & gradual up | mixed
CNGB1,2.39082326845765,0.695578844677526,0.468440509541961,0.1952399999999996,0.7892399999999999,1.8042800000000003,"['up', 'up', 'up']","['up', 'up', 'up']","['increase', 'increase', 'increase']","[['up', 'up'], ['up', 'up'], ['up', 'up']]","['up/up , increase', 'up/up , increase', 'up/up , increase']","['up/up', 'up/up', 'up/up']",3,0,0,0,0,0,0,0,0,expr_acc_up,gradual down,gradual up,gradual down & gradual up,gradual down & gradual up | expr_acc_up
TEPP,0.0,0.0,2.40178883633417,2.02461,-0.9633499999999996,1.47788,"['flat', 'flat', 'up']","['up', 'down', 'up']","['acc_only_up', 'acc_only_down', 'increase']","[['flat', 'up'], ['flat', 'down'], ['up', 'up']]","['flat/up , acc_only_up', 'flat/down , acc_only_down', 'up/up , increase']","['flat/up', 'flat/down', 'up/up']",1,0,0,0,0,1,1,0,0,mixed,flat,late up,flat & late up,flat & late up | mixed
ZNF319,0.178517296996957,0.714692545636652,0.403269736278648,-0.2859300000000004,-0.66127,-1.5778199999999996,"['up', 'up', 'up']","['down', 'down', 'down']","['expr_up_acc_down', 'expr_up_acc_down', 'expr_up_acc_down']","[['up', 'down'], ['up', 'down'], ['up', 'down']]","['up/down , expr_up_acc_down', 'up/down , expr_up_acc_down', 'up/down , expr_up_acc_down']","['up/down', 'up/down', 'up/down']",0,0,0,0,0,0,0,3,0,conflict,late down,gradual down,late down & gradual down,late down & gradual down | conflict
LOC103233531,-0.480533243146135,3.23012354063826,-0.488635082706116,-0.2697000000000003,-1.9728999999999992,-19.97574,"['down', 'up', 'down']","['down', 'down', 'down']","['decrease', 'expr_up_acc_down', 'decrease']","[['down', 'down'], ['up', 'down'], ['down', 'down']]","['down/down , decrease', 'up/down , expr_up_acc_down', 'down/down , decrease']","['down/down', 'up/down', 'down/down']",0,2,0,0,0,0,0,1,0,mixed,late down,gradual down,late down & gradual down,late down & gradual down | mixed
USB1,0.150600949004845,-0.142939541299715,-0.0543329066114625,-0.2697000000000003,-1.9728999999999992,-19.97574,"['up', 'down', 'down']","['down', 'down', 'down']","['expr_up_acc_down', 'decrease', 'decrease']","[['up', 'down'], ['down', 'down'], ['down', 'down']]","['up/down , expr_up_acc_down', 'down/down , decrease', 'down/down , decrease']","['up/down', 'down/down', 'down/down']",0,2,0,0,0,0,0,1,0,mixed,late up,gradual down,late up & gradual down,late up & gradual down | mixed
MMP15,-0.251014662683537,-1.64120834438647,-3.03757155297486,1.9315999999999995,2.0629,-1.40557,"['down', 'down', 'down']","['up', 'up', 'down']","['expr_down_acc_up', 'expr_down_acc_up', 'decrease']","[['down', 'up'], ['down', 'up'], ['down', 'down']]","['down/up , expr_down_acc_up', 'down/up , expr_down_acc_up', 'down/down , decrease']","['down/up', 'down/up', 'down/down']",0,1,0,0,0,0,0,0,2,conflict,gradual down,flat,gradual down & flat,gradual down & flat | conflict
C5H16orf80,0.519696508237991,0.778261539824726,0.240270375347656,8.765600000000001,3.2086,-1.5597399999999997,"['up', 'up', 'up']","['up', 'up', 'down']","['increase', 'increase', 'expr_up_acc_down']","[['up', 'up'], ['up', 'up'], ['up', 'down']]","['up/up , increase', 'up/up , increase', 'up/down , expr_up_acc_down']","['up/up', 'up/up', 'up/down']",2,0,0,0,0,0,0,1,0,mixed,late down,gradual down,late down & gradual down,late down & gradual down | mixed
CCDC113,-0.333670136118409,-0.803752254718747,-1.38890458175711,-10.081399999999997,-26.87924,-16.92007,"['down', 'down', 'down']","['down', 'down', 'down']","['decrease', 'decrease', 'decrease']","[['down', 'down'], ['down', 'down'], ['down', 'down']]","['down/down , decrease', 'down/down , decrease', 'down/down , decrease']","['down/down', 'down/down', 'down/down']",0,3,0,0,0,0,0,0,0,expr_acc_down,gradual down,late up,gradual down & late up,gradual down & late up | expr_acc_down
GINS3,0.362720044221187,0.854503219776904,0.469728068978576,4.144550000000001,0.97433,0.3625600000000002,"['up', 'up', 'up']","['up', 'up', 'up']","['increase', 'increase', 'increase']","[['up', 'up'], ['up', 'up'], ['up', 'up']]","['up/up , increase', 'up/up , increase', 'up/up , increase']","['up/up', 'up/up', 'up/up']",3,0,0,0,0,0,0,0,0,expr_acc_up,late down,gradual down,late down & gradual down,late down & gradual down | expr_acc_up
NDRG4,-1.6745448937285,-2.32505832541461,-3.32471422130676,3.854,0.7293700000000003,-0.6166699999999996,"['down', 'down', 'down']","['up', 'up', 'down']","['expr_down_acc_up', 'expr_down_acc_up', 'decrease']","[['down', 'up'], ['down', 'up'], ['down', 'down']]","['down/up , expr_down_acc_up', 'down/up , expr_down_acc_up', 'down/down , decrease']","['down/up', 'down/up', 'down/down']",0,1,0,0,0,0,0,0,2,conflict,gradual down,gradual down,gradual down & gradual down,gradual down & gradual down | conflict
SETD6,-0.093757257734293,-0.230763424616903,-0.0914020018936081,-6.15298,-6.640140000000001,-2.0403199999999995,"['down', 'down', 'down']","['down', 'down', 'down']","['decrease', 'decrease', 'decrease']","[['down', 'down'], ['down', 'down'], ['down', 'down']]","['down/down , decrease', 'down/down , decrease', 'down/down , decrease']","['down/down', 'down/down', 'down/down']",0,3,0,0,0,0,0,0,0,expr_acc_down,late up,late up,late up & late up,late up & late up | expr_acc_down
CNOT1,0.133587067557956,0.448013693602993,0.466137020784328,0.96697,-0.66127,-2.5389699999999995,"['up', 'up', 'up']","['up', 'down', 'down']","['increase', 'expr_up_acc_down', 'expr_up_acc_down']","[['up', 'up'], ['up', 'down'], ['up', 'down']]","['up/up , increase', 'up/down , expr_up_acc_down', 'up/down , expr_up_acc_down']","['up/up', 'up/down', 'up/down']",1,0,0,0,0,0,0,2,0,conflict,flat,gradual down,flat & gradual down,flat & gradual down | conflict
GOT2,-0.438813502168858,-0.690585143861658,-1.78708422878526,-0.6694700000000005,1.87781,2.4571000000000005,"['down', 'down', 'down']","['down', 'up', 'up']","['decrease', 'expr_down_acc_up', 'expr_down_acc_up']","[['down', 'down'], ['down', 'up'], ['down', 'up']]","['down/down , decrease', 'down/up , expr_down_acc_up', 'down/up , expr_down_acc_up']","['down/down', 'down/up', 'down/up']",0,1,0,0,0,0,0,0,2,conflict,gradual down,gradual up,gradual down & gradual up,gradual down & gradual up | conflict
TK2,0.690576947560443,0.439265518409716,0.632968514355152,-7.117590000000001,-0.3591999999999999,-1.3874899999999997,"['up', 'up', 'up']","['down', 'down', 'down']","['expr_up_acc_down', 'expr_up_acc_down', 'expr_up_acc_down']","[['up', 'down'], ['up', 'down'], ['up', 'down']]","['up/down , expr_up_acc_down', 'up/down , expr_up_acc_down', 'up/down , expr_up_acc_down']","['up/down', 'up/down', 'up/down']",0,0,0,0,0,0,0,3,0,conflict,late up,late down,late up & late down,late up & late down | conflict
CMTM3,-0.656989902166717,-1.76144263471315,-1.99230321775177,6.26444,1.7580800000000003,1.1695400000000005,"['down', 'down', 'down']","['up', 'up', 'up']","['expr_down_acc_up', 'expr_down_acc_up', 'expr_down_acc_up']","[['down', 'up'], ['down', 'up'], ['down', 'up']]","['down/up , expr_down_acc_up', 'down/up , expr_down_acc_up', 'down/up , expr_down_acc_up']","['down/up', 'down/up', 'down/up']",0,0,0,0,0,0,0,0,3,conflict,gradual down,gradual down,gradual down & gradual down,gradual down & gradual down | conflict
CMTM4,-0.114329615677398,-0.715387415321756,-1.00062896991046,-0.7671000000000001,24.61804,15.523,"['down', 'down', 'down']","['down', 'up', 'up']","['decrease', 'expr_down_acc_up', 'expr_down_acc_up']","[['down', 'down'], ['down', 'up'], ['down', 'up']]","['down/down , decrease', 'down/up , expr_down_acc_up', 'down/up , expr_down_acc_up']","['down/down', 'down/up', 'down/up']",0,1,0,0,0,0,0,0,2,conflict,gradual down,late down,gradual down & late down,gradual down & late down | conflict
DYNC1LI2,-0.32735186525097,-0.282943740501987,-0.180459232669073,-0.38124,0.7293700000000003,3.89883,"['down', 'down', 'down']","['down', 'up', 'up']","['decrease', 'expr_down_acc_up', 'expr_down_acc_up']","[['down', 'down'], ['down', 'up'], ['down', 'up']]","['down/down , decrease', 'down/up , expr_down_acc_up', 'down/up , expr_down_acc_up']","['down/down', 'down/up', 'down/up']",0,1,0,0,0,0,0,0,2,conflict,gradual up,gradual up,gradual up & gradual up,gradual up & gradual up | conflict
NAE1,-0.136748464357957,-0.177055533971605,-0.838993012714464,1.8524999999999991,13.49293,-0.7527599999999994,"['down', 'down', 'down']","['up', 'up', 'down']","['expr_down_acc_up', 'expr_down_acc_up', 'decrease']","[['down', 'up'], ['down', 'up'], ['down', 'down']]","['down/up , expr_down_acc_up', 'down/up , expr_down_acc_up', 'down/down , decrease']","['down/up', 'down/up', 'down/down']",0,1,0,0,0,0,0,0,2,conflict,gradual down,late down,gradual down & late down,gradual down & late down | conflict
PDP2,0.062273595396458,-0.0632601178940557,0.44369274123967,-7.3735,-41.136660000000006,-25.72459,"['up', 'down', 'up']","['down', 'down', 'down']","['expr_up_acc_down', 'decrease', 'expr_up_acc_down']","[['up', 'down'], ['down', 'down'], ['up', 'down']]","['up/down , expr_up_acc_down', 'down/down , decrease', 'up/down , expr_up_acc_down']","['up/down', 'down/down', 'up/down']",0,1,0,0,0,0,0,2,0,conflict,late up,late up,late up & late up,late up & late up | conflict
LOC103233136,0.686667611779605,0.811365251478069,1.22176408865642,0.0068999999999999,-1.926689999999999,-7.498889999999999,"['up', 'up', 'up']","['flat', 'down', 'down']","['expr_only_up', 'expr_up_acc_down', 'expr_up_acc_down']","[['up', 'flat'], ['up', 'down'], ['up', 'down']]","['up/flat , expr_only_up', 'up/down , expr_up_acc_down', 'up/down , expr_up_acc_down']","['up/flat', 'up/down', 'up/down']",0,0,0,1,0,0,0,2,0,conflict,gradual up,gradual down,gradual up & gradual down,gradual up & gradual down | conflict
LOC103233139,0.0652269893003737,-0.192519872854511,0.235807984801783,0.0999299999999996,2.54457,-1.7319899999999997,"['up', 'down', 'up']","['flat', 'up', 'down']","['expr_only_up', 'expr_down_acc_up', 'expr_up_acc_down']","[['up', 'flat'], ['down', 'up'], ['up', 'down']]","['up/flat , expr_only_up', 'down/up , expr_down_acc_up', 'up/down , expr_up_acc_down']","['up/flat', 'down/up', 'up/down']",0,0,0,1,0,0,0,1,1,conflict,late up,late down,late up & late down,late up & late down | conflict
WDR59,0.0182876802652849,0.265107873252799,0.453664897731554,-17.112999999999996,-13.6396,-7.807219999999999,"['up', 'up', 'up']","['down', 'down', 'down']","['expr_up_acc_down', 'expr_up_acc_down', 'expr_up_acc_down']","[['up', 'down'], ['up', 'down'], ['up', 'down']]","['up/down , expr_up_acc_down', 'up/down , expr_up_acc_down', 'up/down , expr_up_acc_down']","['up/down', 'up/down', 'up/down']",0,0,0,0,0,0,0,3,0,conflict,gradual up,gradual up,gradual up & gradual up,gradual up & gradual up | conflict
MLKL,0.070514724209545,0.195124345663529,-0.231899929208119,-17.2176,-17.5666,-9.24892,"['up', 'up', 'down']","['down', 'down', 'down']","['expr_up_acc_down', 'expr_up_acc_down', 'decrease']","[['up', 'down'], ['up', 'down'], ['down', 'down']]","['up/down , expr_up_acc_down', 'up/down , expr_up_acc_down', 'down/down , decrease']","['up/down', 'up/down', 'down/down']",0,1,0,0,0,0,0,2,0,conflict,late down,late up,late down & late up,late down & late up | conflict
RFWD3,0.834880669364848,1.47601958913641,1.43710771634376,37.27314,22.38381,12.46728,"['up', 'up', 'up']","['up', 'up', 'up']","['increase', 'increase', 'increase']","[['up', 'up'], ['up', 'up'], ['up', 'up']]","['up/up , increase', 'up/up , increase', 'up/up , increase']","['up/up', 'up/up', 'up/up']",3,0,0,0,0,0,0,0,0,expr_acc_up,late down,gradual down,late down & gradual down,late down & gradual down | expr_acc_up
GLG1,-0.624013690384877,-1.07310467590779,-1.16996508442706,18.10779,-7.777600000000001,-17.899320000000003,"['down', 'down', 'down']","['up', 'down', 'down']","['expr_down_acc_up', 'decrease', 'decrease']","[['down', 'up'], ['down', 'down'], ['down', 'down']]","['down/up , expr_down_acc_up', 'down/down , decrease', 'down/down , decrease']","['down/up', 'down/down', 'down/down']",0,2,0,0,0,0,0,0,1,mixed,gradual down,gradual down,gradual down & gradual down,gradual down & gradual down | mixed
PDPR,0.0304553972580318,-0.0805366302552516,-0.0990439916290154,-0.948400000000003,-18.42114,-1.86807,"['up', 'down', 'down']","['down', 'down', 'down']","['expr_up_acc_down', 'decrease', 'decrease']","[['up', 'down'], ['down', 'down'], ['down', 'down']]","['up/down , expr_up_acc_down', 'down/down , decrease', 'down/down , decrease']","['up/down', 'down/down', 'down/down']",0,2,0,0,0,0,0,1,0,mixed,flat,late up,flat & late up,flat & late up | mixed
CLEC18C,0.0806819015304237,-0.293802226560254,-0.353687167412099,-0.0929999999999999,-2.7758,-2.5389699999999995,"['up', 'down', 'down']","['flat', 'down', 'down']","['expr_only_up', 'decrease', 'decrease']","[['up', 'flat'], ['down', 'down'], ['down', 'down']]","['up/flat , expr_only_up', 'down/down , decrease', 'down/down , decrease']","['up/flat', 'down/down', 'down/down']",0,2,0,1,0,0,0,0,0,mixed,gradual down,flat,gradual down & flat,gradual down & flat | mixed
EXOSC6,-0.476638272488043,0.0668506066659871,-0.300871341517442,-1.4388800000000002,0.7293700000000003,0.1903100000000002,"['down', 'up', 'down']","['down', 'up', 'up']","['decrease', 'increase', 'expr_down_acc_up']","[['down', 'down'], ['up', 'up'], ['down', 'up']]","['down/down , decrease', 'up/up , increase', 'down/up , expr_down_acc_up']","['down/down', 'up/up', 'down/up']",1,1,0,0,0,0,0,0,1,mixed,late down,late down,late down & late down,late down & late down | mixed
AARS,-0.789860872040018,-0.931127457149393,-1.53822993590952,1.6550000000000011,-3.485999999999997,-15.478370000000002,"['down', 'down', 'down']","['up', 'down', 'down']","['expr_down_acc_up', 'decrease', 'decrease']","[['down', 'up'], ['down', 'down'], ['down', 'down']]","['down/up , expr_down_acc_up', 'down/down , decrease', 'down/down , decrease']","['down/up', 'down/down', 'down/down']",0,2,0,0,0,0,0,0,1,mixed,gradual down,gradual down,gradual down & gradual down,gradual down & gradual down | mixed
DDX19B,-0.213424092135452,-0.0933018528646173,0.113217969127235,-0.3719000000000001,12.76354,3.0918400000000004,"['down', 'down', 'up']","['down', 'up', 'up']","['decrease', 'expr_down_acc_up', 'increase']","[['down', 'down'], ['down', 'up'], ['up', 'up']]","['down/down , decrease', 'down/up , expr_down_acc_up', 'up/up , increase']","['down/down', 'down/up', 'up/up']",1,1,0,0,0,0,0,0,1,mixed,gradual up,late down,gradual up & late down,gradual up & late down | mixed
LOC103233155,0.44188442270246,0.417643108431435,1.47775640393963,-0.6694700000000005,-17.75713,0.67089,"['up', 'up', 'up']","['down', 'down', 'up']","['expr_up_acc_down', 'expr_up_acc_down', 'increase']","[['up', 'down'], ['up', 'down'], ['up', 'up']]","['up/down , expr_up_acc_down', 'up/down , expr_up_acc_down', 'up/up , increase']","['up/down', 'up/down', 'up/up']",1,0,0,0,0,0,0,2,0,conflict,late up,late up,late up & late up,late up & late up | conflict
DDX19A,-0.27028983032654,-0.251844964956793,-0.399278844901955,-0.6694700000000005,-17.75713,-6.51964,"['down', 'down', 'down']","['down', 'down', 'down']","['decrease', 'decrease', 'decrease']","[['down', 'down'], ['down', 'down'], ['down', 'down']]","['down/down , decrease', 'down/down , decrease', 'down/down , decrease']","['down/down', 'down/down', 'down/down']",0,3,0,0,0,0,0,0,0,expr_acc_down,flat,late up,flat & late up,flat & late up | expr_acc_down
COG4,-0.482536225993897,-0.4969920034436,-0.713434020242769,-8.937800000000003,0.1850900000000002,-0.1360899999999998,"['down', 'down', 'down']","['down', 'up', 'flat']","['decrease', 'expr_down_acc_up', 'expr_only_down']","[['down', 'down'], ['down', 'up'], ['down', 'flat']]","['down/down , decrease', 'down/up , expr_down_acc_up', 'down/flat , expr_only_down']","['down/down', 'down/up', 'down/flat']",0,1,0,0,1,0,0,0,1,mixed,flat,late down,flat & late down,flat & late down | mixed
SF3B3,-0.114238396519391,-0.093548567436191,-0.0521341562348419,11.27138,-17.395220000000002,1.8042800000000003,"['down', 'down', 'down']","['up', 'down', 'up']","['expr_down_acc_up', 'decrease', 'expr_down_acc_up']","[['down', 'up'], ['down', 'down'], ['down', 'up']]","['down/up , expr_down_acc_up', 'down/down , decrease', 'down/up , expr_down_acc_up']","['down/up', 'down/down', 'down/up']",0,1,0,0,0,0,0,0,2,conflict,gradual up,late up,gradual up & late up,gradual up & late up | conflict
IL34,2.86639434164278,1.39380685294184,1.15048601886714,1.35051,-0.3591999999999999,1.1514600000000002,"['up', 'up', 'up']","['up', 'down', 'up']","['increase', 'expr_up_acc_down', 'increase']","[['up', 'up'], ['up', 'down'], ['up', 'up']]","['up/up , increase', 'up/down , expr_up_acc_down', 'up/up , increase']","['up/up', 'up/down', 'up/up']",2,0,0,0,0,0,0,1,0,mixed,gradual down,late up,gradual down & late up,gradual down & late up | mixed
MTSS1L,-0.5032568459024,-1.24593937131594,-1.49312101260086,-2.40354,1.15393,-3.32787,"['down', 'down', 'down']","['down', 'up', 'down']","['decrease', 'expr_down_acc_up', 'decrease']","[['down', 'down'], ['down', 'up'], ['down', 'down']]","['down/down , decrease', 'down/up , expr_down_acc_up', 'down/down , decrease']","['down/down', 'down/up', 'down/down']",0,2,0,0,0,0,0,0,1,mixed,gradual down,late down,gradual down & late down,gradual down & late down | mixed
VAC14,-0.0689957455192852,-0.0634339919975742,0.264173913735211,0.3881699999999997,1.15393,0.5167299999999999,"['down', 'down', 'up']","['up', 'up', 'up']","['expr_down_acc_up', 'expr_down_acc_up', 'increase']","[['down', 'up'], ['down', 'up'], ['up', 'up']]","['down/up , expr_down_acc_up', 'down/up , expr_down_acc_up', 'up/up , increase']","['down/up', 'down/up', 'up/up']",1,0,0,0,0,0,0,0,2,conflict,flat,late down,flat & late down,flat & late down | conflict
ZNF19,0.0837608090117214,0.291782926492886,0.679073013988443,-8.751780000000002,-6.09586,-1.86807,"['up', 'up', 'up']","['down', 'down', 'down']","['expr_up_acc_down', 'expr_up_acc_down', 'expr_up_acc_down']","[['up', 'down'], ['up', 'down'], ['up', 'down']]","['up/down , expr_up_acc_down', 'up/down , expr_up_acc_down', 'up/down , expr_up_acc_down']","['up/down', 'up/down', 'up/down']",0,0,0,0,0,0,0,3,0,conflict,gradual up,gradual up,gradual up & gradual up,gradual up & gradual up | conflict
CHST4,-0.0778390676104901,-1.60132335953783,-1.35808692857821,1.2598000000000005,-3.4370700000000003,-6.86417,"['down', 'down', 'down']","['up', 'down', 'down']","['expr_down_acc_up', 'decrease', 'decrease']","[['down', 'up'], ['down', 'down'], ['down', 'down']]","['down/up , expr_down_acc_up', 'down/down , decrease', 'down/down , decrease']","['down/up', 'down/down', 'down/down']",0,2,0,0,0,0,0,0,1,mixed,late up,gradual down,late up & gradual down,late up & gradual down | mixed
TAT,1.32338630009604,0.0,3.99801955315449,-3.07532,-2.29139,-0.7708399999999997,"['up', 'flat', 'up']","['down', 'down', 'down']","['expr_up_acc_down', 'acc_only_down', 'expr_up_acc_down']","[['up', 'down'], ['flat', 'down'], ['up', 'down']]","['up/down , expr_up_acc_down', 'flat/down , acc_only_down', 'up/down , expr_up_acc_down']","['up/down', 'flat/down', 'up/down']",0,0,0,0,0,0,1,2,0,conflict,late up,gradual up,late up & gradual up,late up & gradual up | conflict
MARVELD3,0.0,0.0,2.40178883633417,0.1952399999999996,-1.0232100000000002,-0.7708399999999997,"['flat', 'flat', 'up']","['up', 'down', 'down']","['acc_only_up', 'acc_only_down', 'expr_up_acc_down']","[['flat', 'up'], ['flat', 'down'], ['up', 'down']]","['flat/up , acc_only_up', 'flat/down , acc_only_down', 'up/down , expr_up_acc_down']","['flat/up', 'flat/down', 'up/down']",0,0,0,0,0,1,1,1,0,accessibility_only,flat,late up,flat & late up,flat & late up | accessibility_only
PHLPP2,0.765540635066744,0.892709704106481,1.04176307789028,2.50579,1.87781,-0.44442,"['up', 'up', 'up']","['up', 'up', 'down']","['increase', 'increase', 'expr_up_acc_down']","[['up', 'up'], ['up', 'up'], ['up', 'down']]","['up/up , increase', 'up/up , increase', 'up/down , expr_up_acc_down']","['up/up', 'up/up', 'up/down']",2,0,0,0,0,0,0,1,0,mixed,gradual up,gradual down,gradual up & gradual down,gradual up & gradual down | mixed
AP1G1,-0.1956676097136,-0.303291142443801,0.0411401419561139,-4.42353,-1.0830799999999998,-2.05839,"['down', 'down', 'up']","['down', 'down', 'down']","['decrease', 'decrease', 'expr_up_acc_down']","[['down', 'down'], ['down', 'down'], ['up', 'down']]","['down/down , decrease', 'down/down , decrease', 'up/down , expr_up_acc_down']","['down/down', 'down/down', 'up/down']",0,2,0,0,0,0,0,1,0,mixed,late up,late down,late up & late down,late up & late down | mixed
ZNF821,0.378063798008116,0.888809823134907,1.5104054586814,-2.68948,0.7892399999999999,-0.1360899999999998,"['up', 'up', 'up']","['down', 'up', 'flat']","['expr_up_acc_down', 'increase', 'expr_only_up']","[['up', 'down'], ['up', 'up'], ['up', 'flat']]","['up/down , expr_up_acc_down', 'up/up , increase', 'up/flat , expr_only_up']","['up/down', 'up/up', 'up/flat']",1,0,0,1,0,0,0,1,0,mixed,gradual up,late down,gradual up & late down,gradual up & late down | mixed
IST1,-0.26861000695033,0.161350620592829,0.360468736262474,2.9239999999999995,9.56313,-15.732499999999998,"['down', 'up', 'up']","['up', 'up', 'down']","['expr_down_acc_up', 'increase', 'expr_up_acc_down']","[['down', 'up'], ['up', 'up'], ['up', 'down']]","['down/up , expr_down_acc_up', 'up/up , increase', 'up/down , expr_up_acc_down']","['down/up', 'up/up', 'up/down']",1,0,0,0,0,0,0,1,1,conflict,gradual up,late down,gradual up & late down,gradual up & late down | conflict
DHODH,-0.127639143923483,0.170241164985848,0.38258687197997,-15.848599999999998,-16.5214,-29.10664,"['down', 'up', 'up']","['down', 'down', 'down']","['decrease', 'expr_up_acc_down', 'expr_up_acc_down']","[['down', 'down'], ['up', 'down'], ['up', 'down']]","['down/down , decrease', 'up/down , expr_up_acc_down', 'up/down , expr_up_acc_down']","['down/down', 'up/down', 'up/down']",0,1,0,0,0,0,0,2,0,conflict,gradual up,gradual down,gradual up & gradual down,gradual up & gradual down | conflict
TXNL4B,0.246771671364233,0.549457426009081,0.574160556171954,43.72359,29.63634,0.3444800000000003,"['up', 'up', 'up']","['up', 'up', 'up']","['increase', 'increase', 'increase']","[['up', 'up'], ['up', 'up'], ['up', 'up']]","['up/up , increase', 'up/up , increase', 'up/up , increase']","['up/up', 'up/up', 'up/up']",3,0,0,0,0,0,0,0,0,expr_acc_up,gradual up,gradual down,gradual up & gradual down,gradual up & gradual down | expr_acc_up
LOC103233188,2.15544854679667,1.58180459668043,1.61995962609549,0.0999299999999996,1.03145,-1.5778199999999996,"['up', 'up', 'up']","['flat', 'up', 'down']","['expr_only_up', 'increase', 'expr_up_acc_down']","[['up', 'flat'], ['up', 'up'], ['up', 'down']]","['up/flat , expr_only_up', 'up/up , increase', 'up/down , expr_up_acc_down']","['up/flat', 'up/up', 'up/down']",1,0,0,1,0,0,0,1,0,mixed,late up,late down,late up & late down,late up & late down | mixed
ZFHX3,-0.376674758471216,-0.420701574211942,-0.466859927860766,-1.4411999999999998,0.4871699999999999,-0.1360899999999998,"['down', 'down', 'down']","['down', 'up', 'flat']","['decrease', 'expr_down_acc_up', 'expr_only_down']","[['down', 'down'], ['down', 'up'], ['down', 'flat']]","['down/down , decrease', 'down/up , expr_down_acc_up', 'down/flat , expr_only_down']","['down/down', 'down/up', 'down/flat']",0,1,0,0,1,0,0,0,1,mixed,gradual down,late down,gradual down & late down,gradual down & late down | mixed
PSMD7,-0.0992461106802128,0.206512046315767,0.204807601911051,-5.281400000000001,4.191199999999999,-4.905670000000001,"['down', 'up', 'up']","['down', 'up', 'down']","['decrease', 'increase', 'expr_up_acc_down']","[['down', 'down'], ['up', 'up'], ['up', 'down']]","['down/down , decrease', 'up/up , increase', 'up/down , expr_up_acc_down']","['down/down', 'up/up', 'up/down']",1,1,0,0,0,0,0,1,0,mixed,flat,late down,flat & late down,flat & late down | mixed
NOB1,-0.473405157702652,-0.163297965772488,-0.341793945171885,0.7948999999999984,2.9065200000000004,-12.767139999999998,"['down', 'down', 'down']","['up', 'up', 'down']","['expr_down_acc_up', 'expr_down_acc_up', 'decrease']","[['down', 'up'], ['down', 'up'], ['down', 'down']]","['down/up , expr_down_acc_up', 'down/up , expr_down_acc_up', 'down/down , decrease']","['down/up', 'down/up', 'down/down']",0,1,0,0,0,0,0,0,2,conflict,late down,late down,late down & late down,late down & late down | conflict
NQO1,-1.21137176533455,-0.950448969380064,-1.12349884773668,-20.492780000000003,-11.043300000000002,-5.059889999999999,"['down', 'down', 'down']","['down', 'down', 'down']","['decrease', 'decrease', 'decrease']","[['down', 'down'], ['down', 'down'], ['down', 'down']]","['down/down , decrease', 'down/down , decrease', 'down/down , decrease']","['down/down', 'down/down', 'down/down']",0,3,0,0,0,0,0,0,0,expr_acc_down,late down,gradual up,late down & gradual up,late down & gradual up | expr_acc_down
NFAT5,1.54546203034529,1.78076111099266,2.40377745054465,0.8693399999999998,-1.5675000000000003,1.1514600000000002,"['up', 'up', 'up']","['up', 'down', 'up']","['increase', 'expr_up_acc_down', 'increase']","[['up', 'up'], ['up', 'down'], ['up', 'up']]","['up/up , increase', 'up/down , expr_up_acc_down', 'up/up , increase']","['up/up', 'up/down', 'up/up']",2,0,0,0,0,0,0,1,0,mixed,gradual up,late up,gradual up & late up,gradual up & late up | mixed
LOC103233210,-0.0927760990184081,-0.143717871371325,-0.572075257305097,50.5599,-42.64979,-20.91879,"['down', 'down', 'down']","['up', 'down', 'down']","['expr_down_acc_up', 'decrease', 'decrease']","[['down', 'up'], ['down', 'down'], ['down', 'down']]","['down/up , expr_down_acc_up', 'down/down , decrease', 'down/down , decrease']","['down/up', 'down/down', 'down/down']",0,2,0,0,0,0,0,0,1,mixed,gradual down,late up,gradual down & late up,gradual down & late up | mixed
TERF2,-0.169293296487866,0.108715346320863,0.0494929350981814,2.7125999999999983,-5.605900000000002,-8.94059,"['down', 'up', 'up']","['up', 'down', 'down']","['expr_down_acc_up', 'expr_up_acc_down', 'expr_up_acc_down']","[['down', 'up'], ['up', 'down'], ['up', 'down']]","['down/up , expr_down_acc_up', 'up/down , expr_up_acc_down', 'up/down , expr_up_acc_down']","['down/up', 'up/down', 'up/down']",0,0,0,0,0,0,0,2,1,conflict,late down,gradual down,late down & gradual down,late down & gradual down | conflict
NIP7,-0.333938126077821,0.0832883071819797,0.179996511478306,-0.38124,2.72418,9.23938,"['down', 'up', 'up']","['down', 'up', 'up']","['decrease', 'increase', 'increase']","[['down', 'down'], ['up', 'up'], ['up', 'up']]","['down/down , decrease', 'up/up , increase', 'up/up , increase']","['down/down', 'up/up', 'up/up']",2,1,0,0,0,0,0,0,0,mixed,gradual up,gradual up,gradual up & gradual up,gradual up & gradual up | mixed
COG8,-0.126258958747412,-0.0672671178172503,-0.16378004974787,-0.38124,0.6096499999999994,9.23938,"['down', 'down', 'down']","['down', 'up', 'up']","['decrease', 'expr_down_acc_up', 'expr_down_acc_up']","[['down', 'down'], ['down', 'up'], ['down', 'up']]","['down/down , decrease', 'down/up , expr_down_acc_up', 'down/up , expr_down_acc_up']","['down/down', 'down/up', 'down/up']",0,1,0,0,0,0,0,0,2,conflict,late down,gradual up,late down & gradual up,late down & gradual up | conflict
PDF,0.0,2.73575422140568,0.0,-39.728,-13.688399999999998,-21.209100000000003,"['flat', 'up', 'flat']","['down', 'down', 'down']","['acc_only_down', 'expr_up_acc_down', 'acc_only_down']","[['flat', 'down'], ['up', 'down'], ['flat', 'down']]","['flat/down , acc_only_down', 'up/down , expr_up_acc_down', 'flat/down , acc_only_down']","['flat/down', 'up/down', 'flat/down']",0,0,0,0,0,0,2,1,0,accessibility_only,late down,late down,late down & late down,late down & late down | accessibility_only
VPS4A,-0.612542067830015,-0.261364118831858,-0.352946354926346,-2.40354,-2.5934599999999994,-1.0972399999999998,"['down', 'down', 'down']","['down', 'down', 'down']","['decrease', 'decrease', 'decrease']","[['down', 'down'], ['down', 'down'], ['down', 'down']]","['down/down , decrease', 'down/down , decrease', 'down/down , decrease']","['down/down', 'down/down', 'down/down']",0,3,0,0,0,0,0,0,0,expr_acc_down,late down,flat,late down & flat,late down & flat | expr_acc_down
SNTB2,0.401287806574466,0.537918218915068,0.848170685612275,-0.5741700000000005,0.5470299999999999,-1.0972399999999998,"['up', 'up', 'up']","['down', 'up', 'down']","['expr_up_acc_down', 'increase', 'expr_up_acc_down']","[['up', 'down'], ['up', 'up'], ['up', 'down']]","['up/down , expr_up_acc_down', 'up/up , increase', 'up/down , expr_up_acc_down']","['up/down', 'up/up', 'up/down']",1,0,0,0,0,0,0,2,0,conflict,gradual up,late down,gradual up & late down,gradual up & late down | conflict
CIRH1A,-0.0406003739973269,0.0404907710871785,0.0326818134566417,-1.2482700000000009,-2.7758,3.0918400000000004,"['down', 'up', 'up']","['down', 'down', 'up']","['decrease', 'expr_up_acc_down', 'increase']","[['down', 'down'], ['up', 'down'], ['up', 'up']]","['down/down , decrease', 'up/down , expr_up_acc_down', 'up/up , increase']","['down/down', 'up/down', 'up/up']",1,1,0,0,0,0,0,1,0,mixed,flat,late up,flat & late up,flat & late up | mixed
CHTF8,-0.503388850496038,-0.606749664256298,-0.948562077594099,-3.065999999999999,-5.7938600000000005,-2.8473,"['down', 'down', 'down']","['down', 'down', 'down']","['decrease', 'decrease', 'decrease']","[['down', 'down'], ['down', 'down'], ['down', 'down']]","['down/down , decrease', 'down/down , decrease', 'down/down , decrease']","['down/down', 'down/down', 'down/down']",0,3,0,0,0,0,0,0,0,expr_acc_down,gradual down,late up,gradual down & late up,gradual down & late up | expr_acc_down
HAS3,1.69096666765911,1.00925487571591,0.397297096497654,-4.71179,-0.0571200000000002,0.3444800000000003,"['up', 'up', 'up']","['down', 'flat', 'up']","['expr_up_acc_down', 'expr_only_up', 'increase']","[['up', 'down'], ['up', 'flat'], ['up', 'up']]","['up/down , expr_up_acc_down', 'up/flat , expr_only_up', 'up/up , increase']","['up/down', 'up/flat', 'up/up']",1,0,0,1,0,0,0,1,0,mixed,gradual down,gradual up,gradual down & gradual up,gradual down & gradual up | mixed
TANGO6,-0.409885745469205,-0.853700168667049,-1.08205440789162,-12.50578,2.1798900000000003,0.3444800000000003,"['down', 'down', 'down']","['down', 'up', 'up']","['decrease', 'expr_down_acc_up', 'expr_down_acc_up']","[['down', 'down'], ['down', 'up'], ['down', 'up']]","['down/down , decrease', 'down/up , expr_down_acc_up', 'down/up , expr_down_acc_up']","['down/down', 'down/up', 'down/up']",0,1,0,0,0,0,0,0,2,conflict,gradual down,late down,gradual down & late down,gradual down & late down | conflict
CDH1,-0.0017073948837556,1.64657206513416,1.47389055098141,-6.73409,0.1252200000000005,-5.902989999999999,"['flat', 'up', 'up']","['down', 'flat', 'down']","['acc_only_down', 'expr_only_up', 'expr_up_acc_down']","[['flat', 'down'], ['up', 'flat'], ['up', 'down']]","['flat/down , acc_only_down', 'up/flat , expr_only_up', 'up/down , expr_up_acc_down']","['flat/down', 'up/flat', 'up/down']",0,0,0,1,0,0,1,1,0,expression_only,late down,late down,late down & late down,late down & late down | expression_only
CDH3,-0.710383984318851,-2.01338489909293,-3.06867455667446,11.94318,0.2449499999999997,-12.767139999999998,"['down', 'down', 'down']","['up', 'up', 'down']","['expr_down_acc_up', 'expr_down_acc_up', 'decrease']","[['down', 'up'], ['down', 'up'], ['down', 'down']]","['down/up , expr_down_acc_up', 'down/up , expr_down_acc_up', 'down/down , decrease']","['down/up', 'down/up', 'down/down']",0,1,0,0,0,0,0,0,2,conflict,gradual down,gradual down,gradual down & gradual down,gradual down & gradual down | conflict
SMPD3,1.90531205251856,1.19463777032555,1.54573693960396,1.7363799999999996,0.91172,-30.34,"['up', 'up', 'up']","['up', 'up', 'down']","['increase', 'increase', 'expr_up_acc_down']","[['up', 'up'], ['up', 'up'], ['up', 'down']]","['up/up , increase', 'up/up , increase', 'up/down , expr_up_acc_down']","['up/up', 'up/up', 'up/down']",2,0,0,0,0,0,0,1,0,mixed,late up,gradual down,late up & gradual down,late up & gradual down | mixed
PRMT7,-0.456666873359582,-0.130882809054961,-0.25113891284902,0.8693399999999998,0.91172,1.6501100000000006,"['down', 'down', 'down']","['up', 'up', 'up']","['expr_down_acc_up', 'expr_down_acc_up', 'expr_down_acc_up']","[['down', 'up'], ['down', 'up'], ['down', 'up']]","['down/up , expr_down_acc_up', 'down/up , expr_down_acc_up', 'down/up , expr_down_acc_up']","['down/up', 'down/up', 'down/up']",0,0,0,0,0,0,0,0,3,conflict,late down,flat,late down & flat,late down & flat | conflict
PLA2G15,0.503361030838309,0.86165656107179,0.784665917368966,-87.18489,0.6096499999999994,-3.48204,"['up', 'up', 'up']","['down', 'up', 'down']","['expr_up_acc_down', 'increase', 'expr_up_acc_down']","[['up', 'down'], ['up', 'up'], ['up', 'down']]","['up/down , expr_up_acc_down', 'up/up , increase', 'up/down , expr_up_acc_down']","['up/down', 'up/up', 'up/down']",1,0,0,0,0,0,0,2,0,conflict,late down,late down,late down & late down,late down & late down | conflict
ESRP2,0.974070523994039,0.856924794974198,1.69435576680121,-4.312000000000001,-10.0147,-11.32544,"['up', 'up', 'up']","['down', 'down', 'down']","['expr_up_acc_down', 'expr_up_acc_down', 'expr_up_acc_down']","[['up', 'down'], ['up', 'down'], ['up', 'down']]","['up/down , expr_up_acc_down', 'up/down , expr_up_acc_down', 'up/down , expr_up_acc_down']","['up/down', 'up/down', 'up/down']",0,0,0,0,0,0,0,3,0,conflict,late up,gradual down,late up & gradual down,late up & gradual down | conflict
NFATC3,0.117507512508955,0.307544166895894,0.511792672332288,14.25612,0.5470299999999999,-1.0972399999999998,"['up', 'up', 'up']","['up', 'up', 'down']","['increase', 'increase', 'expr_up_acc_down']","[['up', 'up'], ['up', 'up'], ['up', 'down']]","['up/up , increase', 'up/up , increase', 'up/down , expr_up_acc_down']","['up/up', 'up/up', 'up/down']",2,0,0,0,0,0,0,1,0,mixed,gradual up,gradual down,gradual up & gradual down,gradual up & gradual down | mixed
DUS2,-0.636961688438414,-1.04711939890309,-1.09369185237675,-0.2859300000000004,-0.0571200000000002,-1.7319899999999997,"['down', 'down', 'down']","['down', 'flat', 'down']","['decrease', 'expr_only_down', 'decrease']","[['down', 'down'], ['down', 'flat'], ['down', 'down']]","['down/down , decrease', 'down/flat , expr_only_down', 'down/down , decrease']","['down/down', 'down/flat', 'down/down']",0,2,0,0,1,0,0,0,0,mixed,gradual down,flat,gradual down & flat,gradual down & flat | mixed
DDX28,-0.0361485310370487,0.942791006824681,0.391081230477011,2.417399999999999,3.93522,0.6889600000000007,"['down', 'up', 'up']","['up', 'up', 'up']","['expr_down_acc_up', 'increase', 'increase']","[['down', 'up'], ['up', 'up'], ['up', 'up']]","['down/up , expr_down_acc_up', 'up/up , increase', 'up/up , increase']","['down/up', 'up/up', 'up/up']",2,0,0,0,0,0,0,0,1,mixed,late down,late down,late down & late down,late down & late down | mixed
DPEP2,0.0,-0.666306628929285,0.0,2.5081000000000007,1.7608300000000003,-2.36672,"['flat', 'down', 'flat']","['up', 'up', 'down']","['acc_only_up', 'expr_down_acc_up', 'acc_only_down']","[['flat', 'up'], ['down', 'up'], ['flat', 'down']]","['flat/up , acc_only_up', 'down/up , expr_down_acc_up', 'flat/down , acc_only_down']","['flat/up', 'down/up', 'flat/down']",0,0,0,0,0,1,1,0,1,accessibility_only,late up,gradual down,late up & gradual down,late up & gradual down | accessibility_only
LCAT,2.16963603631261,1.88637557123149,2.08289641887573,3.37282,2.8466500000000003,-0.9249999999999998,"['up', 'up', 'up']","['up', 'up', 'down']","['increase', 'increase', 'expr_up_acc_down']","[['up', 'up'], ['up', 'up'], ['up', 'down']]","['up/up , increase', 'up/up , increase', 'up/down , expr_up_acc_down']","['up/up', 'up/up', 'up/down']",2,0,0,0,0,0,0,1,0,mixed,late up,gradual down,late up & gradual down,late up & gradual down | mixed
PSMB10,0.205325564577438,0.146341720220177,0.243684893595234,-0.4743000000000013,-7.0592500000000005,0.1903100000000002,"['up', 'up', 'up']","['down', 'down', 'up']","['expr_up_acc_down', 'expr_up_acc_down', 'increase']","[['up', 'down'], ['up', 'down'], ['up', 'up']]","['up/down , expr_up_acc_down', 'up/down , expr_up_acc_down', 'up/up , increase']","['up/down', 'up/down', 'up/up']",1,0,0,0,0,0,0,2,0,conflict,late up,late up,late up & late up,late up & late up | conflict
PSKH1,-0.296125597764234,-0.547475153563886,-0.474354822746747,-1.82475,-0.5986500000000001,-2.21256,"['down', 'down', 'down']","['down', 'down', 'down']","['decrease', 'decrease', 'decrease']","[['down', 'down'], ['down', 'down'], ['down', 'down']]","['down/down , decrease', 'down/down , decrease', 'down/down , decrease']","['down/down', 'down/down', 'down/down']",0,3,0,0,0,0,0,0,0,expr_acc_down,late up,late down,late up & late down,late up & late down | expr_acc_down
NRN1L,0.517764736005762,3.25664419764501,0.964944257434978,2.02461,2.4220999999999995,0.1903100000000002,"['up', 'up', 'up']","['up', 'up', 'up']","['increase', 'increase', 'increase']","[['up', 'up'], ['up', 'up'], ['up', 'up']]","['up/up , increase', 'up/up , increase', 'up/up , increase']","['up/up', 'up/up', 'up/up']",3,0,0,0,0,0,0,0,0,expr_acc_up,late down,late down,late down & late down,late down & late down | expr_acc_up
EDC4,0.320269055157831,0.753762912560672,1.00761659386395,-2.49885,0.7293700000000003,-0.9249999999999998,"['up', 'up', 'up']","['down', 'up', 'down']","['expr_up_acc_down', 'increase', 'expr_up_acc_down']","[['up', 'down'], ['up', 'up'], ['up', 'down']]","['up/down , expr_up_acc_down', 'up/up , increase', 'up/down , expr_up_acc_down']","['up/down', 'up/up', 'up/down']",1,0,0,0,0,0,0,2,0,conflict,gradual up,late down,gradual up & late down,gradual up & late down | conflict
NUTF2,-0.537913363157466,-0.978890396288269,-1.84361752081915,-22.61269,-26.3976,-9.24892,"['down', 'down', 'down']","['down', 'down', 'down']","['decrease', 'decrease', 'decrease']","[['down', 'down'], ['down', 'down'], ['down', 'down']]","['down/down , decrease', 'down/down , decrease', 'down/down , decrease']","['down/down', 'down/down', 'down/down']",0,3,0,0,0,0,0,0,0,expr_acc_down,gradual down,late up,gradual down & late up,gradual down & late up | expr_acc_down
THAP11,0.204957288339083,0.135441234395582,0.175122090894897,16.95252,-2.04917,1.34178,"['up', 'up', 'up']","['up', 'down', 'up']","['increase', 'expr_up_acc_down', 'increase']","[['up', 'up'], ['up', 'down'], ['up', 'up']]","['up/up , increase', 'up/down , expr_up_acc_down', 'up/up , increase']","['up/up', 'up/down', 'up/up']",2,0,0,0,0,0,0,1,0,mixed,late up,late up,late up & late up,late up & late up | mixed
CENPT,0.115752129808033,0.599745779300271,0.878517019361245,-16.54808,-9.7724,-5.71265,"['up', 'up', 'up']","['down', 'down', 'down']","['expr_up_acc_down', 'expr_up_acc_down', 'expr_up_acc_down']","[['up', 'down'], ['up', 'down'], ['up', 'down']]","['up/down , expr_up_acc_down', 'up/down , expr_up_acc_down', 'up/down , expr_up_acc_down']","['up/down', 'up/down', 'up/down']",0,0,0,0,0,0,0,3,0,conflict,gradual up,gradual up,gradual up & gradual up,gradual up & gradual up | conflict
TSNAXIP1,-0.115044742556208,-1.47649201130272,-1.90773989089404,0.4834899999999997,-1.0830799999999998,0.67089,"['down', 'down', 'down']","['up', 'down', 'up']","['expr_down_acc_up', 'decrease', 'expr_down_acc_up']","[['down', 'up'], ['down', 'down'], ['down', 'up']]","['down/up , expr_down_acc_up', 'down/down , decrease', 'down/up , expr_down_acc_up']","['down/up', 'down/down', 'down/up']",0,1,0,0,0,0,0,0,2,conflict,gradual down,late up,gradual down & late up,gradual down & late up | conflict
RANBP10,-0.322017801150381,0.159682431007452,0.137751584326924,-11.778499999999994,-38.3197,-42.835,"['down', 'up', 'up']","['down', 'down', 'down']","['decrease', 'expr_up_acc_down', 'expr_up_acc_down']","[['down', 'down'], ['up', 'down'], ['up', 'down']]","['down/down , decrease', 'up/down , expr_up_acc_down', 'up/down , expr_up_acc_down']","['down/down', 'up/down', 'up/down']",0,1,0,0,0,0,0,2,0,conflict,late down,gradual down,late down & gradual down,late down & gradual down | conflict
GFOD2,0.216664774431829,-0.214613467544154,0.0277942587222108,0.5834200000000003,-0.23672,-2.52089,"['up', 'down', 'up']","['up', 'down', 'down']","['increase', 'decrease', 'expr_up_acc_down']","[['up', 'up'], ['down', 'down'], ['up', 'down']]","['up/up , increase', 'down/down , decrease', 'up/down , expr_up_acc_down']","['up/up', 'down/down', 'up/down']",1,1,0,0,0,0,0,1,0,mixed,late up,gradual down,late up & gradual down,late up & gradual down | mixed
C5H16orf86,-0.0811215282043903,-0.551485889717181,-2.7323998690681,-1.7248,0.8518499999999998,-3.5001199999999995,"['down', 'down', 'down']","['down', 'up', 'down']","['decrease', 'expr_down_acc_up', 'decrease']","[['down', 'down'], ['down', 'up'], ['down', 'down']]","['down/down , decrease', 'down/up , expr_down_acc_up', 'down/down , decrease']","['down/down', 'down/up', 'down/down']",0,2,0,0,0,0,0,0,1,mixed,gradual down,late down,gradual down & late down,gradual down & late down | mixed
ENKD1,-0.0692828984002506,-0.451804085461463,0.75789962168222,-8.4612,10.10471,-3.1556299999999995,"['down', 'down', 'up']","['down', 'up', 'down']","['decrease', 'expr_down_acc_up', 'expr_up_acc_down']","[['down', 'down'], ['down', 'up'], ['up', 'down']]","['down/down , decrease', 'down/up , expr_down_acc_up', 'up/down , expr_up_acc_down']","['down/down', 'down/up', 'up/down']",0,1,0,0,0,0,0,1,1,conflict,late up,late down,late up & late down,late up & late down | conflict
PARD6A,-0.0822801595702645,0.798066625086878,0.604821526373613,3.854,0.7892399999999999,8.41435,"['down', 'up', 'up']","['up', 'up', 'up']","['expr_down_acc_up', 'increase', 'increase']","[['down', 'up'], ['up', 'up'], ['up', 'up']]","['down/up , expr_down_acc_up', 'up/up , increase', 'up/up , increase']","['down/up', 'up/up', 'up/up']",2,0,0,0,0,0,0,0,1,mixed,late down,late up,late down & late up,late down & late up | mixed
ACD,0.152661810129766,0.350393907651266,0.17056873168106,-2.88239,23.22746,-17.536699999999996,"['up', 'up', 'up']","['down', 'up', 'down']","['expr_up_acc_down', 'increase', 'expr_up_acc_down']","[['up', 'down'], ['up', 'up'], ['up', 'down']]","['up/down , expr_up_acc_down', 'up/up , increase', 'up/down , expr_up_acc_down']","['up/down', 'up/up', 'up/down']",1,0,0,0,0,0,0,2,0,conflict,late down,late down,late down & late down,late down & late down | conflict
RLTPR,1.33526629999447,1.51682283358233,1.07456545245214,0.6764099999999997,1.33352,-0.1360899999999998,"['up', 'up', 'up']","['up', 'up', 'flat']","['increase', 'increase', 'expr_only_up']","[['up', 'up'], ['up', 'up'], ['up', 'flat']]","['up/up , increase', 'up/up , increase', 'up/flat , expr_only_up']","['up/up', 'up/up', 'up/flat']",2,0,0,1,0,0,0,0,0,mixed,late down,late down,late down & late down,late down & late down | mixed
LOC103233266,2.10427056111904,2.18013420088354,2.77245988366785,1.1575899999999997,1.2736600000000005,0.67089,"['up', 'up', 'up']","['up', 'up', 'up']","['increase', 'increase', 'increase']","[['up', 'up'], ['up', 'up'], ['up', 'up']]","['up/up , increase', 'up/up , increase', 'up/up , increase']","['up/up', 'up/up', 'up/up']",3,0,0,0,0,0,0,0,0,expr_acc_up,gradual up,flat,gradual up & flat,gradual up & flat | expr_acc_up
CTCF,-0.275786895961662,0.404048592193165,0.152134386717402,0.6764099999999997,0.1850900000000002,-0.1360899999999998,"['down', 'up', 'up']","['up', 'up', 'flat']","['expr_down_acc_up', 'increase', 'expr_only_up']","[['down', 'up'], ['up', 'up'], ['up', 'flat']]","['down/up , expr_down_acc_up', 'up/up , increase', 'up/flat , expr_only_up']","['down/up', 'up/up', 'up/flat']",1,0,0,1,0,0,0,0,1,mixed,late down,gradual down,late down & gradual down,late down & gradual down | mixed
LOC103233542,0.0,0.0,3.40452908375144,0.00231,2.4220999999999995,0.8431300000000004,"['flat', 'flat', 'up']","['flat', 'up', 'up']","['neutral', 'acc_only_up', 'increase']","[['flat', 'flat'], ['flat', 'up'], ['up', 'up']]","['flat/flat , neutral', 'flat/up , acc_only_up', 'up/up , increase']","['flat/flat', 'flat/up', 'up/up']",1,0,1,0,0,1,0,0,0,mixed,flat,late down,flat & late down,flat & late down | mixed
ATP6V0D1,-0.454451836507189,-0.550733339416111,-0.276497710102538,-32.329080000000005,-7.467300000000002,-20.7466,"['down', 'down', 'down']","['down', 'down', 'down']","['decrease', 'decrease', 'decrease']","[['down', 'down'], ['down', 'down'], ['down', 'down']]","['down/down , decrease', 'down/down , decrease', 'down/down , decrease']","['down/down', 'down/down', 'down/down']",0,3,0,0,0,0,0,0,0,expr_acc_down,late up,late down,late up & late down,late up & late down | expr_acc_down
HSD11B2,0.951839279544448,3.27018919382673,0.279283801383921,-0.1882999999999999,-2.3512499999999994,2.1306900000000004,"['up', 'up', 'up']","['down', 'down', 'up']","['expr_up_acc_down', 'expr_up_acc_down', 'increase']","[['up', 'down'], ['up', 'down'], ['up', 'up']]","['up/down , expr_up_acc_down', 'up/down , expr_up_acc_down', 'up/up , increase']","['up/down', 'up/down', 'up/up']",1,0,0,0,0,0,0,2,0,conflict,late down,late up,late down & late up,late down & late up | conflict
ZDHHC1,1.40093679400554,1.07328794323367,0.875554455800633,15.60663,-1.3796599999999994,-9.42119,"['up', 'up', 'up']","['up', 'down', 'down']","['increase', 'expr_up_acc_down', 'expr_up_acc_down']","[['up', 'up'], ['up', 'down'], ['up', 'down']]","['up/up , increase', 'up/down , expr_up_acc_down', 'up/down , expr_up_acc_down']","['up/up', 'up/down', 'up/down']",1,0,0,0,0,0,0,2,0,conflict,gradual down,gradual down,gradual down & gradual down,gradual down & gradual down | conflict
TPPP3,0.510273088891437,0.672660729682503,1.38037338476686,-0.0906800000000007,0.3674300000000006,1.8042800000000003,"['up', 'up', 'up']","['flat', 'up', 'up']","['expr_only_up', 'increase', 'increase']","[['up', 'flat'], ['up', 'up'], ['up', 'up']]","['up/flat , expr_only_up', 'up/up , increase', 'up/up , increase']","['up/flat', 'up/up', 'up/up']",2,0,0,1,0,0,0,0,0,mixed,gradual up,gradual up,gradual up & gradual up,gradual up & gradual up | mixed
LRRC36,0.0358752454705387,0.480716689754997,1.14296297804726,11.462,-0.0571200000000002,-2.05839,"['up', 'up', 'up']","['up', 'flat', 'down']","['increase', 'expr_only_up', 'expr_up_acc_down']","[['up', 'up'], ['up', 'flat'], ['up', 'down']]","['up/up , increase', 'up/flat , expr_only_up', 'up/down , expr_up_acc_down']","['up/up', 'up/flat', 'up/down']",1,0,0,1,0,0,0,1,0,mixed,gradual up,gradual down,gradual up & gradual down,gradual up & gradual down | mixed
KCTD19,1.68771314964719,1.69317680840094,1.37871098280792,-0.0861,-6.759869999999999,-2.05839,"['up', 'up', 'up']","['flat', 'down', 'down']","['expr_only_up', 'expr_up_acc_down', 'expr_up_acc_down']","[['up', 'flat'], ['up', 'down'], ['up', 'down']]","['up/flat , expr_only_up', 'up/down , expr_up_acc_down', 'up/down , expr_up_acc_down']","['up/flat', 'up/down', 'up/down']",0,0,0,1,0,0,0,2,0,conflict,flat,late up,flat & late up,flat & late up | conflict
PLEKHG4,-0.590172180347657,-1.11488446534926,-0.829826906970731,0.0999299999999996,-0.4190599999999995,-1.25141,"['down', 'down', 'down']","['flat', 'down', 'down']","['expr_only_down', 'decrease', 'decrease']","[['down', 'flat'], ['down', 'down'], ['down', 'down']]","['down/flat , expr_only_down', 'down/down , decrease', 'down/down , decrease']","['down/flat', 'down/down', 'down/down']",0,2,0,0,1,0,0,0,0,mixed,late up,gradual down,late up & gradual down,late up & gradual down | mixed
FHOD1,-0.009011562206762,-0.306774359702715,-0.344118445895054,1.834,3.14873,1.6501100000000006,"['down', 'down', 'down']","['up', 'up', 'up']","['expr_down_acc_up', 'expr_down_acc_up', 'expr_down_acc_up']","[['down', 'up'], ['down', 'up'], ['down', 'up']]","['down/up , expr_down_acc_up', 'down/up , expr_down_acc_up', 'down/up , expr_down_acc_up']","['down/up', 'down/up', 'down/up']",0,0,0,0,0,0,0,0,3,conflict,gradual down,late down,gradual down & late down,gradual down & late down | conflict
TMEM208,-0.553030555619503,-0.201833636784268,-0.453031735545343,-32.231500000000004,-24.88175,-5.422409999999999,"['down', 'down', 'down']","['down', 'down', 'down']","['decrease', 'decrease', 'decrease']","[['down', 'down'], ['down', 'down'], ['down', 'down']]","['down/down , decrease', 'down/down , decrease', 'down/down , decrease']","['down/down', 'down/down', 'down/down']",0,3,0,0,0,0,0,0,0,expr_acc_down,late down,gradual up,late down & gradual up,late down & gradual up | expr_acc_down
LRRC29,2.0451825191041,0.72133595200881,2.2864869853112,-32.231500000000004,-24.88175,-0.5805100000000003,"['up', 'up', 'up']","['down', 'down', 'down']","['expr_up_acc_down', 'expr_up_acc_down', 'expr_up_acc_down']","[['up', 'down'], ['up', 'down'], ['up', 'down']]","['up/down , expr_up_acc_down', 'up/down , expr_up_acc_down', 'up/down , expr_up_acc_down']","['up/down', 'up/down', 'up/down']",0,0,0,0,0,0,0,3,0,conflict,late up,gradual up,late up & gradual up,late up & gradual up | conflict
E2F4,0.0256094448021531,0.224462876268578,0.665524275632181,0.6764099999999997,1.15393,-1.7319899999999997,"['up', 'up', 'up']","['up', 'up', 'down']","['increase', 'increase', 'expr_up_acc_down']","[['up', 'up'], ['up', 'up'], ['up', 'down']]","['up/up , increase', 'up/up , increase', 'up/down , expr_up_acc_down']","['up/up', 'up/up', 'up/down']",2,0,0,0,0,0,0,1,0,mixed,gradual up,late down,gradual up & late down,gradual up & late down | mixed
EXOC3L1,0.882202851851219,0.942153700847687,1.66496601558508,2.50579,0.4871699999999999,0.3444800000000003,"['up', 'up', 'up']","['up', 'up', 'up']","['increase', 'increase', 'increase']","[['up', 'up'], ['up', 'up'], ['up', 'up']]","['up/up , increase', 'up/up , increase', 'up/up , increase']","['up/up', 'up/up', 'up/up']",3,0,0,0,0,0,0,0,0,expr_acc_up,gradual up,flat,gradual up & flat,gradual up & flat | expr_acc_up
KIAA0895L,0.0967420077509015,0.540864761078144,0.405272415431419,-10.48348,12.64384,-6.8279700000000005,"['up', 'up', 'up']","['down', 'up', 'down']","['expr_up_acc_down', 'increase', 'expr_up_acc_down']","[['up', 'down'], ['up', 'up'], ['up', 'down']]","['up/down , expr_up_acc_down', 'up/up , increase', 'up/down , expr_up_acc_down']","['up/down', 'up/up', 'up/down']",1,0,0,0,0,0,0,2,0,conflict,late down,late down,late down & late down,late down & late down | conflict
HSF4,1.94201071373803,2.40341018823649,2.31304984276772,-9.0169,3.3909400000000005,5.20448,"['up', 'up', 'up']","['down', 'up', 'up']","['expr_up_acc_down', 'increase', 'increase']","[['up', 'down'], ['up', 'up'], ['up', 'up']]","['up/down , expr_up_acc_down', 'up/up , increase', 'up/up , increase']","['up/down', 'up/up', 'up/up']",2,0,0,0,0,0,0,1,0,mixed,late down,gradual up,late down & gradual up,late down & gradual up | mixed
FBXL8,0.589427512843777,-0.092879392466456,-0.0765024333222219,-0.9600300000000002,-1.6872299999999996,-2.8473,"['up', 'down', 'down']","['down', 'down', 'down']","['expr_up_acc_down', 'decrease', 'decrease']","[['up', 'down'], ['down', 'down'], ['down', 'down']]","['up/down , expr_up_acc_down', 'down/down , decrease', 'down/down , decrease']","['up/down', 'down/down', 'down/down']",0,2,0,0,0,0,0,1,0,mixed,flat,gradual down,flat & gradual down,flat & gradual down | mixed
TRADD,-0.439373785512354,0.190002908139264,0.592519290124311,0.1067999999999997,5.266000000000001,-3.80844,"['down', 'up', 'up']","['flat', 'up', 'down']","['expr_only_down', 'increase', 'expr_up_acc_down']","[['down', 'flat'], ['up', 'up'], ['up', 'down']]","['down/flat , expr_only_down', 'up/up , increase', 'up/down , expr_up_acc_down']","['down/flat', 'up/up', 'up/down']",1,0,0,0,1,0,0,1,0,mixed,gradual up,late down,gradual up & late down,gradual up & late down | mixed
B3GNT9,1.31306485439167,1.57669312798415,1.40067891309808,-0.0929999999999999,4.237299999999999,-1.5778199999999996,"['up', 'up', 'up']","['flat', 'up', 'down']","['expr_only_up', 'increase', 'expr_up_acc_down']","[['up', 'flat'], ['up', 'up'], ['up', 'down']]","['up/flat , expr_only_up', 'up/up , increase', 'up/down , expr_up_acc_down']","['up/flat', 'up/up', 'up/down']",1,0,0,1,0,0,0,1,0,mixed,late down,late down,late down & late down,late down & late down | mixed
C5H16orf70,0.058511557333993,0.320862125299275,0.272078400569784,-19.24449,1.81795,2.6112600000000006,"['up', 'up', 'up']","['down', 'up', 'up']","['expr_up_acc_down', 'increase', 'increase']","[['up', 'down'], ['up', 'up'], ['up', 'up']]","['up/down , expr_up_acc_down', 'up/up , increase', 'up/up , increase']","['up/down', 'up/up', 'up/up']",2,0,0,0,0,0,0,1,0,mixed,late down,gradual up,late down & gradual up,late down & gradual up | mixed
CES4A,0.681814837783318,0.0,3.99233738057861,-10.77408,0.2449499999999997,2.28486,"['up', 'flat', 'up']","['down', 'up', 'up']","['expr_up_acc_down', 'acc_only_up', 'increase']","[['up', 'down'], ['flat', 'up'], ['up', 'up']]","['up/down , expr_up_acc_down', 'flat/up , acc_only_up', 'up/up , increase']","['up/down', 'flat/up', 'up/up']",1,0,0,0,0,1,0,1,0,mixed,late up,gradual up,late up & gradual up,late up & gradual up | mixed
LDHD,-0.629268571645705,-0.670531429124496,-0.0275820188047532,1.1575899999999997,-17.33257,0.0361500000000001,"['down', 'down', 'down']","['up', 'down', 'flat']","['expr_down_acc_up', 'decrease', 'expr_only_down']","[['down', 'up'], ['down', 'down'], ['down', 'flat']]","['down/up , expr_down_acc_up', 'down/down , decrease', 'down/flat , expr_only_down']","['down/up', 'down/down', 'down/flat']",0,1,0,0,1,0,0,0,1,mixed,late up,late up,late up & late up,late up & late up | mixed
LOC103233308,0.696556641877707,0.483767740694538,0.396682464553477,1.25521,-0.1142399999999996,-0.9249999999999998,"['up', 'up', 'up']","['up', 'flat', 'down']","['increase', 'expr_only_up', 'expr_up_acc_down']","[['up', 'up'], ['up', 'flat'], ['up', 'down']]","['up/up , increase', 'up/flat , expr_only_up', 'up/down , expr_up_acc_down']","['up/up', 'up/flat', 'up/down']",1,0,0,1,0,0,0,1,0,mixed,gradual down,gradual down,gradual down & gradual down,gradual down & gradual down | mixed
BCAR1,-0.131177496896886,-0.608711502082446,-0.74491331940237,10.59498,0.9715900000000004,-9.0948,"['down', 'down', 'down']","['up', 'up', 'down']","['expr_down_acc_up', 'expr_down_acc_up', 'decrease']","[['down', 'up'], ['down', 'up'], ['down', 'down']]","['down/up , expr_down_acc_up', 'down/up , expr_down_acc_up', 'down/down , decrease']","['down/up', 'down/up', 'down/down']",0,1,0,0,0,0,0,0,2,conflict,gradual down,gradual down,gradual down & gradual down,gradual down & gradual down | conflict
CFDP1,-0.640578915758683,-0.824181606309313,-1.06123609102878,21.95946,-2.04917,6.011480000000001,"['down', 'down', 'down']","['up', 'down', 'up']","['expr_down_acc_up', 'decrease', 'expr_down_acc_up']","[['down', 'up'], ['down', 'down'], ['down', 'up']]","['down/up , expr_down_acc_up', 'down/down , decrease', 'down/up , expr_down_acc_up']","['down/up', 'down/down', 'down/up']",0,1,0,0,0,0,0,0,2,conflict,gradual down,late up,gradual down & late up,gradual down & late up | conflict
TMEM170A,0.977612357249711,1.4562518726269,1.41002171364277,-0.9600300000000002,5.08366,6.6462,"['up', 'up', 'up']","['down', 'up', 'up']","['expr_up_acc_down', 'increase', 'increase']","[['up', 'down'], ['up', 'up'], ['up', 'up']]","['up/down , expr_up_acc_down', 'up/up , increase', 'up/up , increase']","['up/down', 'up/up', 'up/up']",2,0,0,0,0,0,0,1,0,mixed,late down,gradual up,late down & gradual up,late down & gradual up | mixed
CHST6,0.702310305479841,0.917270819724313,0.770007322295518,-1.2482700000000009,23.40702,-16.457520000000002,"['up', 'up', 'up']","['down', 'up', 'down']","['expr_up_acc_down', 'increase', 'expr_up_acc_down']","[['up', 'down'], ['up', 'up'], ['up', 'down']]","['up/down , expr_up_acc_down', 'up/up , increase', 'up/down , expr_up_acc_down']","['up/down', 'up/up', 'up/down']",1,0,0,0,0,0,0,2,0,conflict,late down,late down,late down & late down,late down & late down | conflict
TMEM231,-0.17745210626463,-0.296880589249238,-0.328812414838848,-4.9047,-2.7758,-0.2902599999999999,"['down', 'down', 'down']","['down', 'down', 'down']","['decrease', 'decrease', 'decrease']","[['down', 'down'], ['down', 'down'], ['down', 'down']]","['down/down , decrease', 'down/down , decrease', 'down/down , decrease']","['down/down', 'down/down', 'down/down']",0,3,0,0,0,0,0,0,0,expr_acc_down,gradual down,gradual up,gradual down & gradual up,gradual down & gradual up | expr_acc_down
GABARAPL2,-0.336870014249815,0.263028490733287,-0.511391952096888,-7.11528,-7.78863,-0.4263499999999993,"['down', 'up', 'down']","['down', 'down', 'down']","['decrease', 'expr_up_acc_down', 'decrease']","[['down', 'down'], ['up', 'down'], ['down', 'down']]","['down/down , decrease', 'up/down , expr_up_acc_down', 'down/down , decrease']","['down/down', 'up/down', 'down/down']",0,2,0,0,0,0,0,1,0,mixed,late down,late up,late down & late up,late down & late up | mixed
ADAT1,1.63150393257798,0.862321477547785,1.50015635448313,-19.226000000000003,-30.31905,-0.1360899999999998,"['up', 'up', 'up']","['down', 'down', 'flat']","['expr_up_acc_down', 'expr_up_acc_down', 'expr_only_up']","[['up', 'down'], ['up', 'down'], ['up', 'flat']]","['up/down , expr_up_acc_down', 'up/down , expr_up_acc_down', 'up/flat , expr_only_up']","['up/down', 'up/down', 'up/flat']",0,0,0,1,0,0,0,2,0,conflict,late up,late up,late up & late up,late up & late up | conflict
KARS,-0.6081762136712,-0.882603496693952,-1.66594507303244,-27.90559,-0.3591999999999999,10.83525,"['down', 'down', 'down']","['down', 'down', 'up']","['decrease', 'decrease', 'expr_down_acc_up']","[['down', 'down'], ['down', 'down'], ['down', 'up']]","['down/down , decrease', 'down/down , decrease', 'down/up , expr_down_acc_up']","['down/down', 'down/down', 'down/up']",0,2,0,0,0,0,0,0,1,mixed,gradual down,gradual up,gradual down & gradual up,gradual down & gradual up | mixed
TERF2IP,-0.370329517142399,0.255344472499198,0.0775142204200449,-18.4682,1.3011000000000017,-7.907200000000001,"['down', 'up', 'up']","['down', 'up', 'down']","['decrease', 'increase', 'expr_up_acc_down']","[['down', 'down'], ['up', 'up'], ['up', 'down']]","['down/down , decrease', 'up/up , increase', 'up/down , expr_up_acc_down']","['down/down', 'up/up', 'up/down']",1,1,0,0,0,0,0,1,0,mixed,late down,late down,late down & late down,late down & late down | mixed
LOC103233327,0.676753251344636,0.0,0.0,-10.2883,-8.87165,-4.923719999999999,"['up', 'flat', 'flat']","['down', 'down', 'down']","['expr_up_acc_down', 'acc_only_down', 'acc_only_down']","[['up', 'down'], ['flat', 'down'], ['flat', 'down']]","['up/down , expr_up_acc_down', 'flat/down , acc_only_down', 'flat/down , acc_only_down']","['up/down', 'flat/down', 'flat/down']",0,0,0,0,0,0,2,1,0,accessibility_only,flat,gradual up,flat & gradual up,flat & gradual up | accessibility_only
MON1B,-0.184959900734108,-0.136301179984029,0.176295748254504,-45.03479,-21.3002,-2.0222700000000007,"['down', 'down', 'up']","['down', 'down', 'down']","['decrease', 'decrease', 'expr_up_acc_down']","[['down', 'down'], ['down', 'down'], ['up', 'down']]","['down/down , decrease', 'down/down , decrease', 'up/down , expr_up_acc_down']","['down/down', 'down/down', 'up/down']",0,2,0,0,0,0,0,1,0,mixed,gradual up,gradual up,gradual up & gradual up,gradual up & gradual up | mixed
SYCE1L,0.37481066455933,-0.814387801584236,0.660071232363079,0.3881699999999997,1.6356000000000002,-1.0972399999999998,"['up', 'down', 'up']","['up', 'up', 'down']","['increase', 'expr_down_acc_up', 'expr_up_acc_down']","[['up', 'up'], ['down', 'up'], ['up', 'down']]","['up/up , increase', 'down/up , expr_down_acc_up', 'up/down , expr_up_acc_down']","['up/up', 'down/up', 'up/down']",1,0,0,0,0,0,0,1,1,conflict,late up,late down,late up & late down,late up & late down | conflict
NUDT7,1.86407561301771,-1.70871394441094,1.39138243548491,3.951610000000001,0.6096499999999994,-2.5389699999999995,"['up', 'down', 'up']","['up', 'up', 'down']","['increase', 'expr_down_acc_up', 'expr_up_acc_down']","[['up', 'up'], ['down', 'up'], ['up', 'down']]","['up/up , increase', 'down/up , expr_down_acc_up', 'up/down , expr_up_acc_down']","['up/up', 'down/up', 'up/down']",1,0,0,0,0,0,0,1,1,conflict,late up,gradual down,late up & gradual down,late up & gradual down | conflict
WWOX,0.212394191626916,-0.265553572817592,0.751674620631993,-5.744,1.2138,-24.78154,"['up', 'down', 'up']","['down', 'up', 'down']","['expr_up_acc_down', 'expr_down_acc_up', 'expr_up_acc_down']","[['up', 'down'], ['down', 'up'], ['up', 'down']]","['up/down , expr_up_acc_down', 'down/up , expr_down_acc_up', 'up/down , expr_up_acc_down']","['up/down', 'down/up', 'up/down']",0,0,0,0,0,0,0,2,1,conflict,late up,late down,late up & late down,late up & late down | conflict
MAF,-2.47479467928426,-3.08524760513952,-4.13786730314907,0.5811000000000002,0.06536,-0.9249999999999998,"['down', 'down', 'down']","['up', 'flat', 'down']","['expr_down_acc_up', 'expr_only_down', 'decrease']","[['down', 'up'], ['down', 'flat'], ['down', 'down']]","['down/up , expr_down_acc_up', 'down/flat , expr_only_down', 'down/down , decrease']","['down/up', 'down/flat', 'down/down']",0,1,0,0,1,0,0,0,1,mixed,gradual down,gradual down,gradual down & gradual down,gradual down & gradual down | mixed
LOC103233351,-1.9015616661161,0.0,0.0,-12.8871,-9.1793,-4.461269999999999,"['down', 'flat', 'flat']","['down', 'down', 'down']","['decrease', 'acc_only_down', 'acc_only_down']","[['down', 'down'], ['flat', 'down'], ['flat', 'down']]","['down/down , decrease', 'flat/down , acc_only_down', 'flat/down , acc_only_down']","['down/down', 'flat/down', 'flat/down']",0,1,0,0,0,0,2,0,0,accessibility_only,flat,gradual up,flat & gradual up,flat & gradual up | accessibility_only
LOC103233356,-0.12414119927439,0.489872709610814,0.384562123839221,-6.92468,8.16702,-8.305869999999999,"['down', 'up', 'up']","['down', 'up', 'down']","['decrease', 'increase', 'expr_up_acc_down']","[['down', 'down'], ['up', 'up'], ['up', 'down']]","['down/down , decrease', 'up/up , increase', 'up/down , expr_up_acc_down']","['down/down', 'up/up', 'up/down']",1,1,0,0,0,0,0,1,0,mixed,late down,late down,late down & late down,late down & late down | mixed
DYNLRB2,-0.567333090917929,-1.11181719111311,-1.6777178317498,-9.42588,-4.09836,-4.28902,"['down', 'down', 'down']","['down', 'down', 'down']","['decrease', 'decrease', 'decrease']","[['down', 'down'], ['down', 'down'], ['down', 'down']]","['down/down , decrease', 'down/down , decrease', 'down/down , decrease']","['down/down', 'down/down', 'down/down']",0,3,0,0,0,0,0,0,0,expr_acc_down,gradual down,flat,gradual down & flat,gradual down & flat | expr_acc_down
CMC2,0.284051340473939,0.764471652472148,0.554082629668469,-2.40354,11.61509,5.18638,"['up', 'up', 'up']","['down', 'up', 'up']","['expr_up_acc_down', 'increase', 'increase']","[['up', 'down'], ['up', 'up'], ['up', 'up']]","['up/down , expr_up_acc_down', 'up/up , increase', 'up/up , increase']","['up/down', 'up/up', 'up/up']",2,0,0,0,0,0,0,1,0,mixed,late down,late down,late down & late down,late down & late down | mixed
CENPN,-0.0684996129687035,0.27733079413456,0.191322424329833,12.81261,9.80264,-14.03657,"['down', 'up', 'up']","['up', 'up', 'down']","['expr_down_acc_up', 'increase', 'expr_up_acc_down']","[['down', 'up'], ['up', 'up'], ['up', 'down']]","['down/up , expr_down_acc_up', 'up/up , increase', 'up/down , expr_up_acc_down']","['down/up', 'up/up', 'up/down']",1,0,0,0,0,0,0,1,1,conflict,late down,gradual down,late down & gradual down,late down & gradual down | conflict
GCSH,-0.509971638799737,-0.454352380891398,-1.04159717698643,9.358299999999996,7.5738,-0.1360899999999998,"['down', 'down', 'down']","['up', 'up', 'flat']","['expr_down_acc_up', 'expr_down_acc_up', 'expr_only_down']","[['down', 'up'], ['down', 'up'], ['down', 'flat']]","['down/up , expr_down_acc_up', 'down/up , expr_down_acc_up', 'down/flat , expr_only_down']","['down/up', 'down/up', 'down/flat']",0,0,0,0,1,0,0,0,2,conflict,late down,gradual down,late down & gradual down,late down & gradual down | conflict
PKD1L2,-0.29296372857043,-0.736060925999386,-1.03645357985049,-1.6318100000000006,1.81795,-6.383559999999999,"['down', 'down', 'down']","['down', 'up', 'down']","['decrease', 'expr_down_acc_up', 'decrease']","[['down', 'down'], ['down', 'up'], ['down', 'down']]","['down/down , decrease', 'down/up , expr_down_acc_up', 'down/down , decrease']","['down/down', 'down/up', 'down/down']",0,2,0,0,0,0,0,0,1,mixed,gradual down,late down,gradual down & late down,gradual down & late down | mixed
LOC103233366,0.73570763362193,0.14217819178645,-1.45428556538853,-17.119999999999997,-20.83502,-0.44442,"['up', 'up', 'down']","['down', 'down', 'down']","['expr_up_acc_down', 'expr_up_acc_down', 'decrease']","[['up', 'down'], ['up', 'down'], ['down', 'down']]","['up/down , expr_up_acc_down', 'up/down , expr_up_acc_down', 'down/down , decrease']","['up/down', 'up/down', 'down/down']",0,1,0,0,0,0,0,2,0,conflict,gradual down,late up,gradual down & late up,gradual down & late up | conflict
BCMO1,-1.82355771131745,-1.59739406504225,-1.98899615043402,-6.636489999999999,-11.35362,-4.76959,"['down', 'down', 'down']","['down', 'down', 'down']","['decrease', 'decrease', 'decrease']","[['down', 'down'], ['down', 'down'], ['down', 'down']]","['down/down , decrease', 'down/down , decrease', 'down/down , decrease']","['down/down', 'down/down', 'down/down']",0,3,0,0,0,0,0,0,0,expr_acc_down,late down,late up,late down & late up,late down & late up | expr_acc_down
CMIP,-0.0790706317810596,-0.196306156520825,0.194186756994926,5.106890000000001,3.26846,-0.7708399999999997,"['down', 'down', 'up']","['up', 'up', 'down']","['expr_down_acc_up', 'expr_down_acc_up', 'expr_up_acc_down']","[['down', 'up'], ['down', 'up'], ['up', 'down']]","['down/up , expr_down_acc_up', 'down/up , expr_down_acc_up', 'up/down , expr_up_acc_down']","['down/up', 'down/up', 'up/down']",0,0,0,0,0,0,0,1,2,conflict,late up,gradual down,late up & gradual down,late up & gradual down | conflict
PLCG2,3.3399589529577,0.971981444961884,1.15645141086326,2.21755,1.33352,-2.05839,"['up', 'up', 'up']","['up', 'up', 'down']","['increase', 'increase', 'expr_up_acc_down']","[['up', 'up'], ['up', 'up'], ['up', 'down']]","['up/up , increase', 'up/up , increase', 'up/down , expr_up_acc_down']","['up/up', 'up/up', 'up/down']",2,0,0,0,0,0,0,1,0,mixed,late up,gradual down,late up & gradual down,late up & gradual down | mixed
HSD17B2,-0.761957350471219,-1.04134469732518,-1.91278877055045,-19.814100000000003,-9.407699999999998,1.6501100000000006,"['down', 'down', 'down']","['down', 'down', 'up']","['decrease', 'decrease', 'expr_down_acc_up']","[['down', 'down'], ['down', 'down'], ['down', 'up']]","['down/down , decrease', 'down/down , decrease', 'down/up , expr_down_acc_up']","['down/down', 'down/down', 'down/up']",0,2,0,0,0,0,0,0,1,mixed,gradual down,gradual up,gradual down & gradual up,gradual down & gradual up | mixed
MPHOSPH6,-0.305627699469713,-0.281622630594101,-1.0743210062653,-10.381300000000005,-1.257200000000001,-7.1725,"['down', 'down', 'down']","['down', 'down', 'down']","['decrease', 'decrease', 'decrease']","[['down', 'down'], ['down', 'down'], ['down', 'down']]","['down/down , decrease', 'down/down , decrease', 'down/down , decrease']","['down/down', 'down/down', 'down/down']",0,3,0,0,0,0,0,0,0,expr_acc_down,late down,late down,late down & late down,late down & late down | expr_acc_down
CDH13,-0.590733562070342,-1.19739035358032,-1.83878909719308,0.0046299999999996,-0.8979900000000001,-2.05839,"['down', 'down', 'down']","['flat', 'down', 'down']","['expr_only_down', 'decrease', 'decrease']","[['down', 'flat'], ['down', 'down'], ['down', 'down']]","['down/flat , expr_only_down', 'down/down , decrease', 'down/down , decrease']","['down/flat', 'down/down', 'down/down']",0,2,0,0,1,0,0,0,0,mixed,gradual down,gradual down,gradual down & gradual down,gradual down & gradual down | mixed
HSBP1,-0.679757522911856,-0.898240299604436,-1.53341002569285,-0.1814,-0.1087000000000006,2.1306900000000004,"['down', 'down', 'down']","['down', 'flat', 'up']","['decrease', 'expr_only_down', 'expr_down_acc_up']","[['down', 'down'], ['down', 'flat'], ['down', 'up']]","['down/down , decrease', 'down/flat , expr_only_down', 'down/up , expr_down_acc_up']","['down/down', 'down/flat', 'down/up']",0,1,0,0,1,0,0,0,1,mixed,gradual down,flat,gradual down & flat,gradual down & flat | mixed
MLYCD,0.0073253342234481,-0.471170322667824,-0.8855395931519,8.09381,-2.7703299999999995,-1.88615,"['up', 'down', 'down']","['up', 'down', 'down']","['increase', 'decrease', 'decrease']","[['up', 'up'], ['down', 'down'], ['down', 'down']]","['up/up , increase', 'down/down , decrease', 'down/down , decrease']","['up/up', 'down/down', 'down/down']",1,2,0,0,0,0,0,0,0,mixed,gradual down,late up,gradual down & late up,gradual down & late up | mixed
OSGIN1,0.788933520864001,1.38233192824496,2.40049411008132,-37.04548,-13.938799999999995,4.39747,"['up', 'up', 'up']","['down', 'down', 'up']","['expr_up_acc_down', 'expr_up_acc_down', 'increase']","[['up', 'down'], ['up', 'down'], ['up', 'up']]","['up/down , expr_up_acc_down', 'up/down , expr_up_acc_down', 'up/up , increase']","['up/down', 'up/down', 'up/up']",1,0,0,0,0,0,0,2,0,conflict,gradual up,gradual up,gradual up & gradual up,gradual up & gradual up | conflict
NECAB2,1.52016954956777,3.93208760955436,6.4046303957493,-0.47886,3.4508,-0.2902599999999999,"['up', 'up', 'up']","['down', 'up', 'down']","['expr_up_acc_down', 'increase', 'expr_up_acc_down']","[['up', 'down'], ['up', 'up'], ['up', 'down']]","['up/down , expr_up_acc_down', 'up/up , increase', 'up/down , expr_up_acc_down']","['up/down', 'up/up', 'up/down']",1,0,0,0,0,0,0,2,0,conflict,gradual up,late down,gradual up & late down,gradual up & late down | conflict
SLC38A8,3.98334091099781,0.0,0.967992214530315,9.63263,9.68012,-0.6166699999999996,"['up', 'flat', 'up']","['up', 'up', 'down']","['increase', 'acc_only_up', 'expr_up_acc_down']","[['up', 'up'], ['flat', 'up'], ['up', 'down']]","['up/up , increase', 'flat/up , acc_only_up', 'up/down , expr_up_acc_down']","['up/up', 'flat/up', 'up/down']",1,0,0,0,0,1,0,1,0,mixed,late up,flat,late up & flat,late up & flat | mixed
MBTPS1,-0.438505061731221,-0.550156301934016,-0.876941994166557,-0.5741700000000005,0.4871699999999999,1.47788,"['down', 'down', 'down']","['down', 'up', 'up']","['decrease', 'expr_down_acc_up', 'expr_down_acc_up']","[['down', 'down'], ['down', 'up'], ['down', 'up']]","['down/down , decrease', 'down/up , expr_down_acc_up', 'down/up , expr_down_acc_up']","['down/down', 'down/up', 'down/up']",0,1,0,0,0,0,0,0,2,conflict,gradual down,gradual up,gradual down & gradual up,gradual down & gradual up | conflict
LOC103233384,1.82062675950557,1.07958121075265,2.4020960991839,1.6433600000000013,-3.43982,-32.47064,"['up', 'up', 'up']","['up', 'down', 'down']","['increase', 'expr_up_acc_down', 'expr_up_acc_down']","[['up', 'up'], ['up', 'down'], ['up', 'down']]","['up/up , increase', 'up/down , expr_up_acc_down', 'up/down , expr_up_acc_down']","['up/up', 'up/down', 'up/down']",1,0,0,0,0,0,0,2,0,conflict,late up,gradual down,late up & gradual down,late up & gradual down | conflict
DNAAF1,-1.16071199530225,1.16243179654497,-0.617850909419159,-1.9200500000000007,-2.65332,-3.17371,"['down', 'up', 'down']","['down', 'down', 'down']","['decrease', 'expr_up_acc_down', 'decrease']","[['down', 'down'], ['up', 'down'], ['down', 'down']]","['down/down , decrease', 'up/down , expr_up_acc_down', 'down/down , decrease']","['down/down', 'up/down', 'down/down']",0,2,0,0,0,0,0,1,0,mixed,late down,gradual down,late down & gradual down,late down & gradual down | mixed
TAF1C,1.00977301670102,0.912825511194305,1.44588774250619,2.02461,-0.2965800000000005,-2.05839,"['up', 'up', 'up']","['up', 'down', 'down']","['increase', 'expr_up_acc_down', 'expr_up_acc_down']","[['up', 'up'], ['up', 'down'], ['up', 'down']]","['up/up , increase', 'up/down , expr_up_acc_down', 'up/down , expr_up_acc_down']","['up/up', 'up/down', 'up/down']",1,0,0,0,0,0,0,2,0,conflict,late up,gradual down,late up & gradual down,late up & gradual down | conflict
KCNG4,0.0,0.0,2.40178883633417,51.234,1.03145,0.1903100000000002,"['flat', 'flat', 'up']","['up', 'up', 'up']","['acc_only_up', 'acc_only_up', 'increase']","[['flat', 'up'], ['flat', 'up'], ['up', 'up']]","['flat/up , acc_only_up', 'flat/up , acc_only_up', 'up/up , increase']","['flat/up', 'flat/up', 'up/up']",1,0,0,0,0,2,0,0,0,accessibility_only,flat,gradual down,flat & gradual down,flat & gradual down | accessibility_only
TLDC1,-0.0858573319556199,-0.286770324704829,0.0379751577877353,0.2928699999999997,3.1514700000000007,-4.61543,"['down', 'down', 'up']","['up', 'up', 'down']","['expr_down_acc_up', 'expr_down_acc_up', 'expr_up_acc_down']","[['down', 'up'], ['down', 'up'], ['up', 'down']]","['down/up , expr_down_acc_up', 'down/up , expr_down_acc_up', 'up/down , expr_up_acc_down']","['down/up', 'down/up', 'up/down']",0,0,0,0,0,0,0,1,2,conflict,late up,late down,late up & late down,late up & late down | conflict
KLHL36,0.226474484728838,0.0348664003713672,0.589639785140595,0.1952399999999996,-0.0571200000000002,0.1903100000000002,"['up', 'up', 'up']","['up', 'flat', 'up']","['increase', 'expr_only_up', 'increase']","[['up', 'up'], ['up', 'flat'], ['up', 'up']]","['up/up , increase', 'up/flat , expr_only_up', 'up/up , increase']","['up/up', 'up/flat', 'up/up']",2,0,0,1,0,0,0,0,0,mixed,late up,flat,late up & flat,late up & flat | mixed
USP10,0.239410713926171,0.515761089630288,0.507595050708223,8.189119999999999,-3.37721,-6.53769,"['up', 'up', 'up']","['up', 'down', 'down']","['increase', 'expr_up_acc_down', 'expr_up_acc_down']","[['up', 'up'], ['up', 'down'], ['up', 'down']]","['up/up , increase', 'up/down , expr_up_acc_down', 'up/down , expr_up_acc_down']","['up/up', 'up/down', 'up/down']",1,0,0,0,0,0,0,2,0,conflict,flat,gradual down,flat & gradual down,flat & gradual down | conflict
CRISPLD2,-1.83452341758297,-2.97314366733009,-4.26264230506991,-16.917699999999996,-26.45196,-17.09234,"['down', 'down', 'down']","['down', 'down', 'down']","['decrease', 'decrease', 'decrease']","[['down', 'down'], ['down', 'down'], ['down', 'down']]","['down/down , decrease', 'down/down , decrease', 'down/down , decrease']","['down/down', 'down/down', 'down/down']",0,3,0,0,0,0,0,0,0,expr_acc_down,gradual down,late up,gradual down & late up,gradual down & late up | expr_acc_down
LOC103233400,-0.433582042626585,-0.593883901075011,-0.671150471780328,0.8716599999999994,1.09132,0.1903100000000002,"['down', 'down', 'down']","['up', 'up', 'up']","['expr_down_acc_up', 'expr_down_acc_up', 'expr_down_acc_up']","[['down', 'up'], ['down', 'up'], ['down', 'up']]","['down/up , expr_down_acc_up', 'down/up , expr_down_acc_up', 'down/up , expr_down_acc_up']","['down/up', 'down/up', 'down/up']",0,0,0,0,0,0,0,0,3,conflict,gradual down,flat,gradual down & flat,gradual down & flat | conflict
KIAA0513,0.200864748510929,0.1866172626776,0.550994311213086,-20.376600000000003,-12.2379,-17.0561,"['up', 'up', 'up']","['down', 'down', 'down']","['expr_up_acc_down', 'expr_up_acc_down', 'expr_up_acc_down']","[['up', 'down'], ['up', 'down'], ['up', 'down']]","['up/down , expr_up_acc_down', 'up/down , expr_up_acc_down', 'up/down , expr_up_acc_down']","['up/down', 'up/down', 'up/down']",0,0,0,0,0,0,0,3,0,conflict,flat,late down,flat & late down,flat & late down | conflict
GSE1,0.487437949114884,1.5175388185477,2.1029363817119,-0.2859300000000004,0.4871699999999999,-3.98069,"['up', 'up', 'up']","['down', 'up', 'down']","['expr_up_acc_down', 'increase', 'expr_up_acc_down']","[['up', 'down'], ['up', 'up'], ['up', 'down']]","['up/down , expr_up_acc_down', 'up/up , increase', 'up/down , expr_up_acc_down']","['up/down', 'up/up', 'up/down']",1,0,0,0,0,0,0,2,0,conflict,gradual up,late down,gradual up & late down,gradual up & late down | conflict
LOC103233405,0.0,2.56952512592658,0.0,1.0622699999999998,0.6695100000000007,1.95845,"['flat', 'up', 'flat']","['up', 'up', 'up']","['acc_only_up', 'increase', 'acc_only_up']","[['flat', 'up'], ['up', 'up'], ['flat', 'up']]","['flat/up , acc_only_up', 'up/up , increase', 'flat/up , acc_only_up']","['flat/up', 'up/up', 'flat/up']",1,0,0,0,0,2,0,0,0,accessibility_only,late down,late up,late down & late up,late down & late up | accessibility_only
GINS2,0.420246432031656,0.135804001481426,0.127870417514383,2.6127,3.2086,2.30293,"['up', 'up', 'up']","['up', 'up', 'up']","['increase', 'increase', 'increase']","[['up', 'up'], ['up', 'up'], ['up', 'up']]","['up/up , increase', 'up/up , increase', 'up/up , increase']","['up/up', 'up/up', 'up/up']",3,0,0,0,0,0,0,0,0,expr_acc_up,flat,late down,flat & late down,flat & late down | expr_acc_up
FOXC2,1.06778745805973,-0.275049656370734,0.264249788084729,-2.4965800000000016,1.39614,-1.0972399999999998,"['up', 'down', 'up']","['down', 'up', 'down']","['expr_up_acc_down', 'expr_down_acc_up', 'expr_up_acc_down']","[['up', 'down'], ['down', 'up'], ['up', 'down']]","['up/down , expr_up_acc_down', 'down/up , expr_down_acc_up', 'up/down , expr_up_acc_down']","['up/down', 'down/up', 'up/down']",0,0,0,0,0,0,0,2,1,conflict,late up,late down,late up & late down,late up & late down | conflict
FOXL1,1.52174465950651,-0.431199462683357,1.43505322260111,0.6787299999999998,-8.5668,1.0153800000000004,"['up', 'down', 'up']","['up', 'down', 'up']","['increase', 'decrease', 'increase']","[['up', 'up'], ['down', 'down'], ['up', 'up']]","['up/up , increase', 'down/down , decrease', 'up/up , increase']","['up/up', 'down/down', 'up/up']",2,1,0,0,0,0,0,0,0,mixed,late up,late up,late up & late up,late up & late up | mixed
LOC103233423,2.20364830770316,0.829545870443221,1.55401688255079,-1.15064,1.09132,1.47788,"['up', 'up', 'up']","['down', 'up', 'up']","['expr_up_acc_down', 'increase', 'increase']","[['up', 'down'], ['up', 'up'], ['up', 'up']]","['up/down , expr_up_acc_down', 'up/up , increase', 'up/up , increase']","['up/down', 'up/up', 'up/up']",2,0,0,0,0,0,0,1,0,mixed,late up,gradual up,late up & gradual up,late up & gradual up | mixed
C5H16orf95,0.348080777559245,0.630844842479936,0.826242932362223,-10.87169,3.75288,-1.7319899999999997,"['up', 'up', 'up']","['down', 'up', 'down']","['expr_up_acc_down', 'increase', 'expr_up_acc_down']","[['up', 'down'], ['up', 'up'], ['up', 'down']]","['up/down , expr_up_acc_down', 'up/up , increase', 'up/down , expr_up_acc_down']","['up/down', 'up/up', 'up/down']",1,0,0,0,0,0,0,2,0,conflict,gradual up,late down,gradual up & late down,gradual up & late down | conflict
FBXO31,0.464141426583429,0.462730030577353,0.897406297526227,0.4834899999999997,0.1850900000000002,-2.05839,"['up', 'up', 'up']","['up', 'up', 'down']","['increase', 'increase', 'expr_up_acc_down']","[['up', 'up'], ['up', 'up'], ['up', 'down']]","['up/up , increase', 'up/up , increase', 'up/down , expr_up_acc_down']","['up/up', 'up/up', 'up/down']",2,0,0,0,0,0,0,1,0,mixed,flat,gradual down,flat & gradual down,flat & gradual down | mixed
MAP1LC3B,-0.310443705600794,-0.151152082374616,-0.218674845288088,-22.1038,2.8466500000000003,6.18365,"['down', 'down', 'down']","['down', 'up', 'up']","['decrease', 'expr_down_acc_up', 'expr_down_acc_up']","[['down', 'down'], ['down', 'up'], ['down', 'up']]","['down/down , decrease', 'down/up , expr_down_acc_up', 'down/up , expr_down_acc_up']","['down/down', 'down/up', 'down/up']",0,1,0,0,0,0,0,0,2,conflict,late down,gradual up,late down & gradual up,late down & gradual up | conflict
ZCCHC14,0.145571490821726,0.234357292538441,0.267921034382986,1.83169,1.33352,0.67089,"['up', 'up', 'up']","['up', 'up', 'up']","['increase', 'increase', 'increase']","[['up', 'up'], ['up', 'up'], ['up', 'up']]","['up/up , increase', 'up/up , increase', 'up/up , increase']","['up/up', 'up/up', 'up/up']",3,0,0,0,0,0,0,0,0,expr_acc_up,gradual up,gradual down,gradual up & gradual down,gradual up & gradual down | expr_acc_up
LOC103233430,0.700208797089647,-2.25814709430158,-3.64592608962677,-7.015400000000001,-18.53815,-8.441939999999999,"['up', 'down', 'down']","['down', 'down', 'down']","['expr_up_acc_down', 'decrease', 'decrease']","[['up', 'down'], ['down', 'down'], ['down', 'down']]","['up/down , expr_up_acc_down', 'down/down , decrease', 'down/down , decrease']","['up/down', 'down/down', 'down/down']",0,2,0,0,0,0,0,1,0,mixed,gradual down,late up,gradual down & late up,gradual down & late up | mixed
JPH3,-0.391379260091804,-0.142778917516399,-0.680492685214436,0.2928699999999997,2.4220999999999995,-2.21256,"['down', 'down', 'down']","['up', 'up', 'down']","['expr_down_acc_up', 'expr_down_acc_up', 'decrease']","[['down', 'up'], ['down', 'up'], ['down', 'down']]","['down/up , expr_down_acc_up', 'down/up , expr_down_acc_up', 'down/down , decrease']","['down/up', 'down/up', 'down/down']",0,1,0,0,0,0,0,0,2,conflict,late down,late down,late down & late down,late down & late down | conflict
LOC103233431,1.60416253582839,0.585237357921968,0.750595792369909,2.02461,2.54457,-2.05839,"['up', 'up', 'up']","['up', 'up', 'down']","['increase', 'increase', 'expr_up_acc_down']","[['up', 'up'], ['up', 'up'], ['up', 'down']]","['up/up , increase', 'up/up , increase', 'up/down , expr_up_acc_down']","['up/up', 'up/up', 'up/down']",2,0,0,0,0,0,0,1,0,mixed,late up,late down,late up & late down,late up & late down | mixed
KLHDC4,0.285293271778725,0.60569820518358,0.790998251307994,0.3881699999999997,-1.2028100000000004,1.1514600000000002,"['up', 'up', 'up']","['up', 'down', 'up']","['increase', 'expr_up_acc_down', 'increase']","[['up', 'up'], ['up', 'down'], ['up', 'up']]","['up/up , increase', 'up/down , expr_up_acc_down', 'up/up , increase']","['up/up', 'up/down', 'up/up']",2,0,0,0,0,0,0,1,0,mixed,gradual up,late up,gradual up & late up,gradual up & late up | mixed
SLC7A5,-0.814152915216796,-1.74929779078381,-2.29759300399771,-0.47886,-7.54644,-0.5985899999999997,"['down', 'down', 'down']","['down', 'down', 'down']","['decrease', 'decrease', 'decrease']","[['down', 'down'], ['down', 'down'], ['down', 'down']]","['down/down , decrease', 'down/down , decrease', 'down/down , decrease']","['down/down', 'down/down', 'down/down']",0,3,0,0,0,0,0,0,0,expr_acc_down,gradual down,late up,gradual down & late up,gradual down & late up | expr_acc_down
CA5A,1.3341446063315,3.67848945591818,0.0,2.02461,-1.38516,-2.05839,"['up', 'up', 'flat']","['up', 'down', 'down']","['increase', 'expr_up_acc_down', 'acc_only_down']","[['up', 'up'], ['up', 'down'], ['flat', 'down']]","['up/up , increase', 'up/down , expr_up_acc_down', 'flat/down , acc_only_down']","['up/up', 'up/down', 'flat/down']",1,0,0,0,0,0,1,1,0,mixed,late down,gradual down,late down & gradual down,late down & gradual down | mixed
LOC103233439,2.64722054692264,3.21812651226151,-0.0288467176324101,-16.518100000000004,-26.4382,-30.70255,"['up', 'up', 'down']","['down', 'down', 'down']","['expr_up_acc_down', 'expr_up_acc_down', 'decrease']","[['up', 'down'], ['up', 'down'], ['down', 'down']]","['up/down , expr_up_acc_down', 'up/down , expr_up_acc_down', 'down/down , decrease']","['up/down', 'up/down', 'down/down']",0,1,0,0,0,0,0,2,0,conflict,late down,gradual down,late down & gradual down,late down & gradual down | conflict
ZNF469,-1.37866965284485,-1.63390514562991,-1.42814159333788,0.0999299999999996,-0.1169799999999998,0.0542300000000004,"['down', 'down', 'down']","['flat', 'flat', 'flat']","['expr_only_down', 'expr_only_down', 'expr_only_down']","[['down', 'flat'], ['down', 'flat'], ['down', 'flat']]","['down/flat , expr_only_down', 'down/flat , expr_only_down', 'down/flat , expr_only_down']","['down/flat', 'down/flat', 'down/flat']",0,0,0,0,3,0,0,0,0,expression_only,late up,flat,late up & flat,late up & flat | expression_only
ZFPM1,0.0335326520912358,0.660418755248229,0.718721380612601,0.5811000000000002,-1.2654299999999998,-2.69314,"['up', 'up', 'up']","['up', 'down', 'down']","['increase', 'expr_up_acc_down', 'expr_up_acc_down']","[['up', 'up'], ['up', 'down'], ['up', 'down']]","['up/up , increase', 'up/down , expr_up_acc_down', 'up/down , expr_up_acc_down']","['up/up', 'up/down', 'up/down']",1,0,0,0,0,0,0,2,0,conflict,gradual up,gradual down,gradual up & gradual down,gradual up & gradual down | conflict
LOC103233446,0.0,0.0,0.947763902572597,0.6764099999999997,4.84145,1.1514600000000002,"['flat', 'flat', 'up']","['up', 'up', 'up']","['acc_only_up', 'acc_only_up', 'increase']","[['flat', 'up'], ['flat', 'up'], ['up', 'up']]","['flat/up , acc_only_up', 'flat/up , acc_only_up', 'up/up , increase']","['flat/up', 'flat/up', 'up/up']",1,0,0,0,0,2,0,0,0,accessibility_only,flat,late down,flat & late down,flat & late down | accessibility_only
IL17C,0.0,0.0,2.40178883633417,0.6764099999999997,1.0940700000000003,0.3625600000000002,"['flat', 'flat', 'up']","['up', 'up', 'up']","['acc_only_up', 'acc_only_up', 'increase']","[['flat', 'up'], ['flat', 'up'], ['up', 'up']]","['flat/up , acc_only_up', 'flat/up , acc_only_up', 'up/up , increase']","['flat/up', 'flat/up', 'up/up']",1,0,0,0,0,2,0,0,0,accessibility_only,flat,late down,flat & late down,flat & late down | accessibility_only
LOC103233451,-0.739152768596877,-1.54603858483649,-1.40590893837823,0.6764099999999997,1.5158799999999997,-0.7708399999999997,"['down', 'down', 'down']","['up', 'up', 'down']","['expr_down_acc_up', 'expr_down_acc_up', 'decrease']","[['down', 'up'], ['down', 'up'], ['down', 'down']]","['down/up , expr_down_acc_up', 'down/up , expr_down_acc_up', 'down/down , decrease']","['down/up', 'down/up', 'down/down']",0,1,0,0,0,0,0,0,2,conflict,late up,late down,late up & late down,late up & late down | conflict
MVD,0.623079527979518,-0.11112973136834,0.113927344368904,-15.3905,-0.9633499999999996,-0.7708399999999997,"['up', 'down', 'up']","['down', 'down', 'down']","['expr_up_acc_down', 'decrease', 'expr_up_acc_down']","[['up', 'down'], ['down', 'down'], ['up', 'down']]","['up/down , expr_up_acc_down', 'down/down , decrease', 'up/down , expr_up_acc_down']","['up/down', 'down/down', 'up/down']",0,1,0,0,0,0,0,2,0,conflict,late up,flat,late up & flat,late up & flat | conflict
SNAI3,0.0,0.0,4.40024207747708,-0.47886,3.26846,-0.6166699999999996,"['flat', 'flat', 'up']","['down', 'up', 'down']","['acc_only_down', 'acc_only_up', 'expr_up_acc_down']","[['flat', 'down'], ['flat', 'up'], ['up', 'down']]","['flat/down , acc_only_down', 'flat/up , acc_only_up', 'up/down , expr_up_acc_down']","['flat/down', 'flat/up', 'up/down']",0,0,0,0,0,1,1,1,0,accessibility_only,flat,late down,flat & late down,flat & late down | accessibility_only
RNF166,-0.340327703511621,-0.0289147575388604,-0.183119674591377,3.2775099999999995,-0.7211399999999997,-0.5985899999999997,"['down', 'down', 'down']","['up', 'down', 'down']","['expr_down_acc_up', 'decrease', 'decrease']","[['down', 'up'], ['down', 'down'], ['down', 'down']]","['down/up , expr_down_acc_up', 'down/down , decrease', 'down/down , decrease']","['down/up', 'down/down', 'down/down']",0,2,0,0,0,0,0,0,1,mixed,late down,flat,late down & flat,late down & flat | mixed
CTU2,0.615358415759212,0.260774737316339,0.331669028952118,0.7740399999999994,2.66706,-3.98069,"['up', 'up', 'up']","['up', 'up', 'down']","['increase', 'increase', 'expr_up_acc_down']","[['up', 'up'], ['up', 'up'], ['up', 'down']]","['up/up , increase', 'up/up , increase', 'up/down , expr_up_acc_down']","['up/up', 'up/up', 'up/down']",2,0,0,0,0,0,0,1,0,mixed,late up,late down,late up & late down,late up & late down | mixed
PIEZO1,1.23643454176996,0.613903255121305,1.16235923397834,2.02461,-1.4422699999999995,-1.0972399999999998,"['up', 'up', 'up']","['up', 'down', 'down']","['increase', 'expr_up_acc_down', 'expr_up_acc_down']","[['up', 'up'], ['up', 'down'], ['up', 'down']]","['up/up , increase', 'up/down , expr_up_acc_down', 'up/down , expr_up_acc_down']","['up/up', 'up/down', 'up/down']",1,0,0,0,0,0,0,2,0,conflict,late up,late up,late up & late up,late up & late up | conflict
CDT1,0.479944675782223,0.598668416074478,0.451949441778944,1.06459,-0.4761800000000002,-4.13486,"['up', 'up', 'up']","['up', 'down', 'down']","['increase', 'expr_up_acc_down', 'expr_up_acc_down']","[['up', 'up'], ['up', 'down'], ['up', 'down']]","['up/up , increase', 'up/down , expr_up_acc_down', 'up/down , expr_up_acc_down']","['up/up', 'up/down', 'up/down']",1,0,0,0,0,0,0,2,0,conflict,late down,gradual down,late down & gradual down,late down & gradual down | conflict
APRT,-0.019777253243772,-0.473108861152924,-1.13118155763723,3.85628,-1.2626799999999996,-3.5001199999999995,"['down', 'down', 'down']","['up', 'down', 'down']","['expr_down_acc_up', 'decrease', 'decrease']","[['down', 'up'], ['down', 'down'], ['down', 'down']]","['down/up , expr_down_acc_up', 'down/down , decrease', 'down/down , decrease']","['down/up', 'down/down', 'down/down']",0,2,0,0,0,0,0,0,1,mixed,gradual down,gradual down,gradual down & gradual down,gradual down & gradual down | mixed
LOC103233461,0.0,2.56950354302237,2.40176234197326,5.20448,2.4220999999999995,9.39353,"['flat', 'up', 'up']","['up', 'up', 'up']","['acc_only_up', 'increase', 'increase']","[['flat', 'up'], ['up', 'up'], ['up', 'up']]","['flat/up , acc_only_up', 'up/up , increase', 'up/up , increase']","['flat/up', 'up/up', 'up/up']",2,0,0,0,0,1,0,0,0,mixed,late down,late up,late down & late up,late down & late up | mixed
TRAPPC2L,-0.550055476223057,0.255673700574942,0.158715201538121,-10.286,-1.6817599999999988,-3.80844,"['down', 'up', 'up']","['down', 'down', 'down']","['decrease', 'expr_up_acc_down', 'expr_up_acc_down']","[['down', 'down'], ['up', 'down'], ['up', 'down']]","['down/down , decrease', 'up/down , expr_up_acc_down', 'up/down , expr_up_acc_down']","['down/down', 'up/down', 'up/down']",0,1,0,0,0,0,0,2,0,conflict,late down,late down,late down & late down,late down & late down | conflict
PABPN1L,0.872043257866435,0.0,2.96138735675967,1.1575899999999997,-0.7211399999999997,5.032210000000001,"['up', 'flat', 'up']","['up', 'down', 'up']","['increase', 'acc_only_down', 'increase']","[['up', 'up'], ['flat', 'down'], ['up', 'up']]","['up/up , increase', 'flat/down , acc_only_down', 'up/up , increase']","['up/up', 'flat/down', 'up/up']",2,0,0,0,0,0,1,0,0,mixed,late up,late up,late up & late up,late up & late up | mixed
CBFA2T3,0.238219115779513,0.163990002435932,0.665818274522765,0.3881699999999997,0.3674300000000006,-1.5778199999999996,"['up', 'up', 'up']","['up', 'up', 'down']","['increase', 'increase', 'expr_up_acc_down']","[['up', 'up'], ['up', 'up'], ['up', 'down']]","['up/up , increase', 'up/up , increase', 'up/down , expr_up_acc_down']","['up/up', 'up/up', 'up/down']",2,0,0,0,0,0,0,1,0,mixed,late up,flat,late up & flat,late up & flat | mixed
LOC103233464,0.0,-0.814550369377611,2.40176646906582,0.1952399999999996,-1.2654299999999998,0.1903100000000002,"['flat', 'down', 'up']","['up', 'down', 'up']","['acc_only_up', 'decrease', 'increase']","[['flat', 'up'], ['down', 'down'], ['up', 'up']]","['flat/up , acc_only_up', 'down/down , decrease', 'up/up , increase']","['flat/up', 'down/down', 'up/up']",1,1,0,0,0,1,0,0,0,mixed,late up,late up,late up & late up,late up & late up | mixed
ACSF3,0.617712508088734,0.426589182757339,0.823236581838853,-0.38124,0.7293700000000003,-0.2902599999999999,"['up', 'up', 'up']","['down', 'up', 'down']","['expr_up_acc_down', 'increase', 'expr_up_acc_down']","[['up', 'down'], ['up', 'up'], ['up', 'down']]","['up/down , expr_up_acc_down', 'up/up , increase', 'up/down , expr_up_acc_down']","['up/down', 'up/up', 'up/down']",1,0,0,0,0,0,0,2,0,conflict,late up,late down,late up & late down,late up & late down | conflict
CDH15,1.03641943001987,4.46460509349805,2.77239567117771,-7.59879,6.71649,1.82236,"['up', 'up', 'up']","['down', 'up', 'up']","['expr_up_acc_down', 'increase', 'increase']","[['up', 'down'], ['up', 'up'], ['up', 'up']]","['up/down , expr_up_acc_down', 'up/up , increase', 'up/up , increase']","['up/down', 'up/up', 'up/up']",2,0,0,0,0,0,0,1,0,mixed,late down,late down,late down & late down,late down & late down | mixed
SLC22A31,0.0,0.0,2.41140573898208,-0.9600300000000002,1.5158799999999997,-1.0972399999999998,"['flat', 'flat', 'up']","['down', 'up', 'down']","['acc_only_down', 'acc_only_up', 'expr_up_acc_down']","[['flat', 'down'], ['flat', 'up'], ['up', 'down']]","['flat/down , acc_only_down', 'flat/up , acc_only_up', 'up/down , expr_up_acc_down']","['flat/down', 'flat/up', 'up/down']",0,0,0,0,0,1,1,1,0,accessibility_only,flat,late down,flat & late down,flat & late down | accessibility_only
ZNF778,0.450664199491916,0.546641172691094,0.988548123446673,6.376000000000001,11.375590000000004,-2.1582999999999988,"['up', 'up', 'up']","['up', 'up', 'down']","['increase', 'increase', 'expr_up_acc_down']","[['up', 'up'], ['up', 'up'], ['up', 'down']]","['up/up , increase', 'up/up , increase', 'up/down , expr_up_acc_down']","['up/up', 'up/up', 'up/down']",2,0,0,0,0,0,0,1,0,mixed,gradual up,late down,gradual up & late down,gradual up & late down | mixed
LOC103233488,2.32515815405904,-3.05434216932975,3.54553166947945,-4.26100000000001,-83.18507,26.83883,"['up', 'down', 'up']","['down', 'down', 'up']","['expr_up_acc_down', 'decrease', 'increase']","[['up', 'down'], ['down', 'down'], ['up', 'up']]","['up/down , expr_up_acc_down', 'down/down , decrease', 'up/up , increase']","['up/down', 'down/down', 'up/up']",1,1,0,0,0,0,0,1,0,mixed,late up,late up,late up & late up,late up & late up | mixed
SPG7,-0.0722940700277523,-0.0341007713352751,0.40095370316849,-5.2743,8.722299999999999,-2.33061,"['down', 'down', 'up']","['down', 'up', 'down']","['decrease', 'expr_down_acc_up', 'expr_up_acc_down']","[['down', 'down'], ['down', 'up'], ['up', 'down']]","['down/down , decrease', 'down/up , expr_down_acc_up', 'up/down , expr_up_acc_down']","['down/down', 'down/up', 'up/down']",0,1,0,0,0,0,0,1,1,conflict,gradual up,late down,gradual up & late down,gradual up & late down | conflict
RPL13,-0.614033209400602,-0.0551007639482878,-1.04809234791601,-35.1162,12.34176,-15.478370000000002,"['down', 'down', 'down']","['down', 'up', 'down']","['decrease', 'expr_down_acc_up', 'decrease']","[['down', 'down'], ['down', 'up'], ['down', 'down']]","['down/down , decrease', 'down/up , expr_down_acc_up', 'down/down , decrease']","['down/down', 'down/up', 'down/down']",0,2,0,0,0,0,0,0,1,mixed,late down,late down,late down & late down,late down & late down | mixed
LOC103233486,0.274558968040017,2.854972229161,2.53917091564306,0.4834899999999997,2.66706,-1.7319899999999997,"['up', 'up', 'up']","['up', 'up', 'down']","['increase', 'increase', 'expr_up_acc_down']","[['up', 'up'], ['up', 'up'], ['up', 'down']]","['up/up , increase', 'up/up , increase', 'up/down , expr_up_acc_down']","['up/up', 'up/up', 'up/down']",2,0,0,0,0,0,0,1,0,mixed,late down,late down,late down & late down,late down & late down | mixed
DPEP1,0.0,3.62732778832971,2.41062447859542,3.2775099999999995,0.4273000000000002,2.1306900000000004,"['flat', 'up', 'up']","['up', 'up', 'up']","['acc_only_up', 'increase', 'increase']","[['flat', 'up'], ['up', 'up'], ['up', 'up']]","['flat/up , acc_only_up', 'up/up , increase', 'up/up , increase']","['flat/up', 'up/up', 'up/up']",2,0,0,0,0,1,0,0,0,mixed,late down,late up,late down & late up,late down & late up | mixed
CHMP1A,-0.555426932082543,-0.435020391739592,-0.284966423070407,-0.7671000000000001,3.3310699999999995,-0.1180199999999995,"['down', 'down', 'down']","['down', 'up', 'flat']","['decrease', 'expr_down_acc_up', 'expr_only_down']","[['down', 'down'], ['down', 'up'], ['down', 'flat']]","['down/down , decrease', 'down/up , expr_down_acc_up', 'down/flat , expr_only_down']","['down/down', 'down/up', 'down/flat']",0,1,0,0,1,0,0,0,1,mixed,gradual up,late down,gradual up & late down,gradual up & late down | mixed
SPATA33,1.03008666247055,0.327500403550773,0.247813749426874,2.6080000000000005,7.141089999999999,-2.0403199999999995,"['up', 'up', 'up']","['up', 'up', 'down']","['increase', 'increase', 'expr_up_acc_down']","[['up', 'up'], ['up', 'up'], ['up', 'down']]","['up/up , increase', 'up/up , increase', 'up/down , expr_up_acc_down']","['up/up', 'up/up', 'up/down']",2,0,0,0,0,0,0,1,0,mixed,gradual down,late down,gradual down & late down,gradual down & late down | mixed
SPATA2L,-0.148310605454529,-0.215772769596782,0.361375010211514,-2.49885,2.1798900000000003,0.6889600000000007,"['down', 'down', 'up']","['down', 'up', 'up']","['decrease', 'expr_down_acc_up', 'increase']","[['down', 'down'], ['down', 'up'], ['up', 'up']]","['down/down , decrease', 'down/up , expr_down_acc_up', 'up/up , increase']","['down/down', 'down/up', 'up/up']",1,1,0,0,0,0,0,0,1,mixed,late up,late down,late up & late down,late up & late down | mixed
VPS9D1,-0.171010166989965,-0.632482314901894,-0.22989688906708,-1.7294400000000003,3.14873,0.3625600000000002,"['down', 'down', 'down']","['down', 'up', 'up']","['decrease', 'expr_down_acc_up', 'expr_down_acc_up']","[['down', 'down'], ['down', 'up'], ['down', 'up']]","['down/down , decrease', 'down/up , expr_down_acc_up', 'down/up , expr_down_acc_up']","['down/down', 'down/up', 'down/up']",0,1,0,0,0,0,0,0,2,conflict,late up,late down,late up & late down,late up & late down | conflict
ZNF276,1.05791924470547,0.9136078160152,1.7996184551117,2.029200000000001,-0.9007300000000004,-1.5778199999999996,"['up', 'up', 'up']","['up', 'down', 'down']","['increase', 'expr_up_acc_down', 'expr_up_acc_down']","[['up', 'up'], ['up', 'down'], ['up', 'down']]","['up/up , increase', 'up/down , expr_up_acc_down', 'up/down , expr_up_acc_down']","['up/up', 'up/down', 'up/down']",1,0,0,0,0,0,0,2,0,conflict,late up,gradual down,late up & gradual down,late up & gradual down | conflict
DEF8,0.958625264327646,2.34140560737394,3.28232819102949,0.1067999999999997,1.6438999999999986,-5.40432,"['up', 'up', 'up']","['flat', 'up', 'down']","['expr_only_up', 'increase', 'expr_up_acc_down']","[['up', 'flat'], ['up', 'up'], ['up', 'down']]","['up/flat , expr_only_up', 'up/up , increase', 'up/down , expr_up_acc_down']","['up/flat', 'up/up', 'up/down']",1,0,0,1,0,0,0,1,0,mixed,gradual up,late down,gradual up & late down,gradual up & late down | mixed
